kmeans3\8\0\Banana (14).jpg: {'Bow': [8, 3, 8, 0, 2, 6, 2, 1, 0, 2, 3, 4, 0, 3, 1, 2, 7, 0, 0, 0, 1, 7, 0, 1, 0, 0, 3, 3, 0, 1], 'avg_Hue': 24.314499532273153, 'avg_Saturation': 155.0327868852459, 'avg_Value': 119.71614583333333}
kmeans3\8\0\Kiwi (01).jpg: {'Bow': [2, 6, 4, 0, 0, 12, 0, 1, 1, 2, 2, 1, 0, 4, 1, 1, 0, 0, 4, 0, 0, 0, 1, 1, 1, 0, 1, 0, 0, 0], 'avg_Hue': 16.51923683380637, 'avg_Saturation': 142.17612740460422, 'avg_Value': 139.75768563771086}
kmeans3\8\0\Kiwi (05).jpg: {'Bow': [1, 0, 1, 0, 0, 7, 1, 0, 1, 0, 3, 2, 0, 8, 0, 2, 0, 1, 0, 0, 0, 1, 1, 0, 0, 0, 0, 1, 0, 0], 'avg_Hue': 16.015031384208786, 'avg_Saturation': 143.3410967955071, 'avg_Value': 130.1817131539858}
kmeans3\8\0\Kiwi (06).jpg: {'Bow': [0, 6, 1, 2, 1, 6, 2, 0, 3, 2, 1, 0, 2, 5, 1, 5, 2, 1, 1, 0, 0, 1, 2, 1, 1, 0, 2, 0, 1, 2], 'avg_Hue': 16.111322968612495, 'avg_Saturation': 130.55588149017308, 'avg_Value': 133.94710622710622}
kmeans3\8\0\Kiwi (09).jpg: {'Bow': [2, 1, 1, 0, 0, 9, 0, 0, 3, 2, 2, 1, 0, 7, 0, 7, 0, 1, 0, 1, 0, 0, 1, 0, 1, 0, 2, 0, 1, 0], 'avg_Hue': 15.806913580246913, 'avg_Saturation': 128.95358788676762, 'avg_Value': 130.81688055281342}
kmeans3\8\0\Kiwi (10).jpg: {'Bow': [1, 1, 0, 0, 0, 4, 0, 0, 1, 1, 0, 1, 0, 6, 0, 4, 0, 0, 0, 1, 0, 0, 0, 0, 0, 1, 1, 1, 0, 0], 'avg_Hue': 16.12624, 'avg_Saturation': 137.7784, 'avg_Value': 131.24396868509348}
kmeans3\8\0\Kiwi (11).jpg: {'Bow': [1, 1, 0, 0, 0, 4, 0, 0, 0, 0, 2, 0, 0, 7, 0, 5, 0, 0, 1, 0, 0, 1, 0, 0, 0, 0, 1, 0, 0, 0], 'avg_Hue': 16.52012678288431, 'avg_Saturation': 135.90825542703217, 'avg_Value': 134.66012036743743}
kmeans3\8\0\Kiwi (12).jpg: {'Bow': [0, 5, 1, 0, 0, 8, 0, 1, 3, 1, 2, 0, 0, 5, 0, 4, 0, 0, 1, 0, 0, 0, 0, 0, 0, 2, 1, 0, 0, 0], 'avg_Hue': 16.55768928065481, 'avg_Saturation': 134.91783409412875, 'avg_Value': 138.15814319433517}
kmeans3\8\0\Kiwi (13).jpg: {'Bow': [3, 3, 1, 0, 1, 4, 0, 0, 0, 1, 0, 0, 0, 8, 0, 6, 1, 0, 0, 0, 0, 0, 0, 0, 0, 1, 0, 0, 0, 1], 'avg_Hue': 16.253909990424514, 'avg_Saturation': 138.72837535908076, 'avg_Value': 134.23970635173956}
kmeans3\8\0\Pear (09).jpg: {'Bow': [0, 3, 4, 0, 0, 10, 0, 0, 0, 0, 2, 1, 0, 8, 1, 1, 2, 0, 0, 0, 0, 0, 0, 1, 0, 0, 1, 0, 0, 0], 'avg_Hue': 26.92581300813008, 'avg_Saturation': 134.31436314363143, 'avg_Value': 144.1348561759729}
kmeans3\8\0\Pear (10).jpg: {'Bow': [0, 4, 2, 0, 1, 4, 0, 1, 0, 1, 2, 0, 0, 8, 2, 0, 1, 0, 0, 0, 0, 2, 0, 0, 0, 0, 1, 0, 0, 0], 'avg_Hue': 27.126515025734683, 'avg_Saturation': 138.607504565831, 'avg_Value': 133.16766268260292}
kmeans3\8\0\Potato (07).jpg: {'Bow': [0, 4, 1, 0, 0, 0, 0, 1, 1, 1, 2, 0, 0, 2, 0, 0, 3, 0, 0, 0, 0, 0, 0, 0, 0, 0, 0, 0, 0, 0], 'avg_Hue': 19.879301827762227, 'avg_Saturation': 110.67100279927548, 'avg_Value': 126.69772802107343}
kmeans3\8\0\Potato (08).jpg: {'Bow': [0, 2, 1, 0, 2, 1, 0, 2, 0, 1, 1, 0, 0, 2, 0, 0, 2, 0, 0, 0, 0, 0, 0, 2, 0, 0, 4, 0, 0, 0], 'avg_Hue': 19.953771669529907, 'avg_Saturation': 120.03295330313915, 'avg_Value': 117.8576112412178}
kmeans3\8\0\Potato (10).jpg: {'Bow': [2, 1, 0, 0, 1, 0, 0, 0, 0, 2, 3, 2, 0, 7, 0, 0, 0, 1, 0, 0, 0, 0, 1, 1, 0, 0, 0, 0, 0, 0], 'avg_Hue': 19.999852420306965, 'avg_Saturation': 108.09902597402598, 'avg_Value': 119.59793510324484}
kmeans3\8\0\Potato (13).jpg: {'Bow': [1, 2, 1, 0, 2, 0, 1, 1, 2, 1, 6, 2, 1, 4, 1, 1, 1, 2, 1, 1, 0, 1, 0, 0, 1, 0, 0, 0, 2, 2], 'avg_Hue': 19.824851063829787, 'avg_Saturation': 131.77446808510638, 'avg_Value': 123.62419190200748}
kmeans3\8\0\Potato (14).jpg: {'Bow': [1, 4, 3, 0, 3, 2, 1, 0, 0, 0, 5, 1, 2, 5, 0, 1, 0, 0, 0, 2, 1, 2, 0, 1, 1, 0, 0, 1, 0, 0], 'avg_Hue': 19.509220701963116, 'avg_Saturation': 125.39589530041641, 'avg_Value': 127.61126802437937}
