kmeans3\1\Plum (01).jpg: {'Bow': [6, 1, 1, 1, 1, 1, 2, 2, 3, 2, 0, 0, 2, 10, 0, 1, 6, 1, 0, 1, 2, 1, 2, 1, 2, 4, 1, 0, 2, 0], 'avg_Hue': 124.91626689925862, 'avg_Saturation': 114.65118986032074, 'avg_Value': 53.119784311208115}
kmeans3\1\Plum (02).jpg: {'Bow': [5, 1, 1, 1, 2, 0, 0, 3, 1, 1, 1, 0, 1, 8, 2, 1, 2, 3, 2, 0, 2, 2, 0, 2, 4, 4, 1, 1, 1, 5], 'avg_Hue': 117.21754439681568, 'avg_Saturation': 135.78628003758894, 'avg_Value': 57.890935595017226}
kmeans3\1\Plum (03).jpg: {'Bow': [11, 3, 1, 5, 0, 0, 3, 4, 2, 1, 2, 4, 2, 10, 4, 1, 2, 2, 3, 2, 0, 4, 2, 2, 2, 3, 0, 3, 1, 1], 'avg_Hue': 142.52715747010518, 'avg_Saturation': 93.41977175855905, 'avg_Value': 57.49145183175034}
kmeans3\1\Plum (04).jpg: {'Bow': [10, 1, 3, 2, 0, 1, 0, 2, 1, 3, 4, 0, 3, 12, 0, 1, 3, 1, 0, 1, 0, 1, 2, 3, 2, 0, 3, 1, 6, 0], 'avg_Hue': 140.93949970913323, 'avg_Saturation': 110.21089011144026, 'avg_Value': 59.902800887409875}
kmeans3\1\Plum (05).jpg: {'Bow': [10, 0, 2, 2, 0, 0, 2, 1, 1, 1, 2, 0, 2, 9, 1, 1, 2, 2, 0, 3, 1, 0, 2, 1, 0, 0, 3, 0, 2, 0], 'avg_Hue': 140.8792348130841, 'avg_Saturation': 138.66382276042384, 'avg_Value': 56.99649359406608}
kmeans3\1\Plum (06).jpg: {'Bow': [5, 0, 1, 0, 0, 0, 1, 1, 1, 0, 1, 0, 0, 14, 0, 0, 3, 1, 0, 1, 0, 0, 0, 0, 0, 0, 2, 0, 0, 2], 'avg_Hue': 134.34801624492346, 'avg_Saturation': 154.60230050323509, 'avg_Value': 56.515212112555346}
kmeans3\1\Plum (07).jpg: {'Bow': [15, 0, 1, 1, 0, 0, 1, 2, 0, 0, 1, 1, 0, 11, 1, 0, 2, 0, 0, 1, 0, 0, 1, 0, 0, 0, 3, 2, 0, 0], 'avg_Hue': 140.59918838770096, 'avg_Saturation': 162.45764179535286, 'avg_Value': 56.271822576059144}
kmeans3\1\Plum (08).jpg: {'Bow': [16, 0, 1, 1, 0, 0, 2, 1, 1, 1, 1, 0, 1, 12, 0, 1, 1, 1, 1, 0, 0, 0, 0, 1, 1, 1, 2, 1, 2, 4], 'avg_Hue': 131.33276023757423, 'avg_Saturation': 147.15072587532023, 'avg_Value': 56.539397368793324}
kmeans3\1\Plum (09).jpg: {'Bow': [16, 0, 0, 2, 4, 0, 5, 1, 2, 2, 0, 0, 3, 12, 0, 1, 3, 2, 0, 3, 0, 1, 0, 0, 2, 0, 1, 2, 0, 0], 'avg_Hue': 120.32983262225139, 'avg_Saturation': 159.15633923472302, 'avg_Value': 58.9259573265508}
kmeans3\1\Plum (10).jpg: {'Bow': [10, 1, 1, 1, 0, 0, 1, 2, 0, 2, 0, 1, 2, 9, 0, 1, 2, 0, 0, 0, 2, 2, 2, 0, 0, 2, 4, 0, 1, 2], 'avg_Hue': 120.33648286560428, 'avg_Saturation': 142.17964071856287, 'avg_Value': 62.30645365791809}
kmeans3\1\Plum (11).jpg: {'Bow': [5, 1, 1, 1, 2, 2, 1, 3, 3, 1, 2, 3, 3, 4, 0, 1, 1, 2, 0, 3, 1, 3, 0, 2, 2, 2, 2, 2, 0, 0], 'avg_Hue': 121.58995276942893, 'avg_Saturation': 122.78750961785073, 'avg_Value': 64.7476336658992}
kmeans3\1\Plum (12).jpg: {'Bow': [5, 1, 2, 2, 3, 3, 1, 4, 0, 2, 5, 4, 0, 7, 2, 3, 0, 2, 2, 2, 3, 2, 3, 3, 2, 0, 2, 0, 2, 2], 'avg_Hue': 117.1576174447534, 'avg_Saturation': 117.70113257828115, 'avg_Value': 61.89887342611001}
kmeans3\1\Plum (13).jpg: {'Bow': [6, 1, 1, 3, 1, 2, 4, 2, 2, 3, 3, 3, 2, 9, 0, 1, 2, 3, 2, 3, 2, 0, 0, 5, 1, 0, 1, 5, 4, 3], 'avg_Hue': 123.74333187581985, 'avg_Saturation': 109.98484028153763, 'avg_Value': 60.443847393874265}
kmeans3\1\Plum (14).jpg: {'Bow': [7, 2, 0, 3, 1, 1, 6, 3, 2, 1, 5, 1, 2, 10, 4, 1, 2, 2, 1, 5, 0, 3, 0, 3, 1, 3, 0, 2, 3, 4], 'avg_Hue': 125.31419727029689, 'avg_Saturation': 104.89224977281579, 'avg_Value': 51.651324247878634}
kmeans3\1\Plum (15).jpg: {'Bow': [6, 2, 2, 3, 1, 1, 3, 0, 3, 1, 0, 0, 3, 10, 0, 0, 5, 1, 1, 1, 1, 2, 0, 2, 2, 4, 2, 1, 1, 1], 'avg_Hue': 130.50459098497495, 'avg_Saturation': 108.75556398583713, 'avg_Value': 51.53278894472362}
