kmeans1\1\1\Corn (01).jpg: {'Bow': [2, 0, 2, 2, 0, 2, 1, 2, 0, 0, 2, 2, 1, 0, 0, 0, 0, 0, 4, 3, 0, 3, 0, 4, 0, 0, 0, 2, 4, 0], 'avg_Hue': 18.954, 'avg_Saturation': 66.2512, 'avg_Value': 212.6256}
kmeans1\1\1\Corn (03).jpg: {'Bow': [0, 4, 7, 1, 3, 1, 3, 2, 0, 3, 3, 1, 0, 0, 6, 1, 3, 0, 4, 1, 0, 0, 1, 8, 0, 1, 3, 3, 7, 0], 'avg_Hue': 19.2642, 'avg_Saturation': 64.6437, 'avg_Value': 217.4438}
kmeans1\1\1\Corn (05).jpg: {'Bow': [2, 2, 4, 6, 1, 1, 3, 0, 0, 1, 2, 1, 0, 1, 1, 2, 3, 1, 3, 0, 0, 0, 0, 4, 1, 1, 5, 3, 1, 2], 'avg_Hue': 19.7143, 'avg_Saturation': 77.4563, 'avg_Value': 213.0642}
kmeans1\1\1\Lemon (03).jpg: {'Bow': [4, 1, 5, 0, 0, 0, 1, 0, 1, 0, 2, 2, 1, 1, 0, 0, 0, 0, 1, 0, 1, 0, 0, 0, 0, 0, 0, 1, 3, 0], 'avg_Hue': 22.4942, 'avg_Saturation': 94.8393, 'avg_Value': 198.8629}
kmeans1\1\1\Lemon (04).jpg: {'Bow': [4, 5, 8, 0, 0, 0, 0, 0, 1, 0, 0, 2, 0, 0, 0, 0, 0, 0, 0, 1, 0, 0, 0, 0, 0, 1, 0, 2, 6, 0], 'avg_Hue': 24.8004, 'avg_Saturation': 102.4579, 'avg_Value': 192.0835}
kmeans1\1\1\Lemon (05).jpg: {'Bow': [8, 4, 4, 0, 0, 0, 0, 0, 1, 0, 0, 2, 2, 0, 0, 0, 0, 2, 0, 0, 2, 0, 0, 0, 0, 0, 0, 2, 5, 0], 'avg_Hue': 24.6842, 'avg_Saturation': 103.2703, 'avg_Value': 185.2767}
kmeans1\1\1\Lemon (06).jpg: {'Bow': [4, 3, 3, 0, 0, 1, 0, 0, 0, 1, 0, 1, 0, 2, 1, 0, 0, 0, 1, 0, 2, 0, 0, 0, 0, 0, 0, 7, 4, 0], 'avg_Hue': 23.8828, 'avg_Saturation': 103.5506, 'avg_Value': 183.1761}
kmeans1\1\1\Lemon (07).jpg: {'Bow': [0, 6, 5, 0, 0, 0, 0, 0, 0, 1, 2, 0, 0, 1, 0, 0, 0, 0, 3, 0, 0, 0, 0, 0, 0, 1, 0, 4, 4, 0], 'avg_Hue': 22.6082, 'avg_Saturation': 99.5181, 'avg_Value': 190.7021}
kmeans1\1\1\Lemon (08).jpg: {'Bow': [1, 5, 5, 0, 0, 0, 0, 0, 0, 0, 1, 3, 0, 1, 0, 0, 1, 1, 0, 0, 0, 1, 0, 0, 0, 2, 1, 2, 7, 0], 'avg_Hue': 23.5637, 'avg_Saturation': 100.6873, 'avg_Value': 202.6353}
kmeans1\1\1\Lemon (09).jpg: {'Bow': [4, 2, 4, 0, 0, 1, 0, 0, 0, 2, 2, 1, 1, 0, 0, 1, 0, 2, 0, 0, 3, 0, 1, 0, 0, 0, 0, 1, 1, 0], 'avg_Hue': 24.5839, 'avg_Saturation': 105.1339, 'avg_Value': 194.8703}
kmeans1\1\1\Lemon (10).jpg: {'Bow': [3, 5, 4, 0, 0, 0, 0, 1, 2, 2, 0, 1, 0, 0, 0, 0, 0, 0, 1, 0, 3, 1, 0, 0, 2, 1, 0, 2, 4, 0], 'avg_Hue': 23.7345, 'avg_Saturation': 108.8641, 'avg_Value': 188.2738}
kmeans1\1\1\Lemon (11).jpg: {'Bow': [3, 4, 4, 1, 0, 1, 1, 0, 1, 0, 2, 3, 1, 0, 0, 0, 0, 0, 1, 0, 1, 1, 1, 0, 1, 0, 0, 0, 1, 0], 'avg_Hue': 23.2906, 'avg_Saturation': 105.9927, 'avg_Value': 186.7021}
kmeans1\1\1\Lemon (12).jpg: {'Bow': [4, 2, 5, 0, 0, 1, 0, 0, 1, 0, 0, 5, 2, 1, 0, 0, 0, 0, 2, 0, 0, 0, 2, 0, 2, 1, 0, 2, 6, 0], 'avg_Hue': 23.8264, 'avg_Saturation': 100.5817, 'avg_Value': 187.7664}
kmeans1\1\1\Lemon (13).jpg: {'Bow': [3, 0, 5, 0, 0, 1, 1, 0, 1, 0, 2, 3, 2, 1, 1, 0, 0, 0, 1, 0, 1, 4, 0, 0, 0, 3, 0, 1, 9, 0], 'avg_Hue': 24.0301, 'avg_Saturation': 90.8873, 'avg_Value': 197.8765}
