kmeans1\5\1\Mango (01).jpg: {'Bow': [0, 7, 1, 0, 0, 2, 1, 0, 0, 0, 0, 0, 0, 0, 0, 1, 0, 4, 0, 0, 0, 0, 0, 1, 0, 1, 0, 0, 0, 0], 'avg_Hue': 47.6004, 'avg_Saturation': 50.4493, 'avg_Value': 155.3117}
kmeans1\5\1\Mango (05).jpg: {'Bow': [0, 8, 0, 0, 0, 1, 0, 0, 0, 0, 0, 0, 2, 0, 2, 0, 0, 4, 1, 0, 0, 0, 0, 0, 0, 0, 1, 1, 0, 0], 'avg_Hue': 47.3758, 'avg_Saturation': 50.1848, 'avg_Value': 158.667}
kmeans1\5\1\Mango (08).jpg: {'Bow': [0, 12, 0, 0, 0, 1, 0, 0, 0, 0, 0, 0, 1, 0, 0, 0, 0, 5, 0, 0, 0, 1, 0, 0, 0, 0, 0, 0, 0, 0], 'avg_Hue': 47.896, 'avg_Saturation': 47.2942, 'avg_Value': 156.9036}
kmeans1\5\1\Mango (10).jpg: {'Bow': [0, 11, 0, 0, 0, 1, 1, 0, 0, 0, 1, 0, 0, 0, 1, 1, 0, 12, 2, 0, 0, 0, 0, 0, 2, 1, 0, 0, 0, 0], 'avg_Hue': 46.2404, 'avg_Saturation': 46.0185, 'avg_Value': 162.7614}
kmeans1\5\1\Watermelon (01).jpg: {'Bow': [3, 4, 5, 7, 1, 9, 3, 5, 5, 5, 2, 7, 3, 1, 0, 8, 1, 17, 3, 2, 2, 3, 1, 6, 4, 7, 4, 9, 10, 4], 'avg_Hue': 40.3546, 'avg_Saturation': 60.2049, 'avg_Value': 162.0172}
kmeans1\5\1\Watermelon (02).jpg: {'Bow': [3, 5, 3, 1, 3, 6, 1, 1, 5, 2, 2, 4, 4, 1, 2, 5, 5, 21, 3, 0, 2, 1, 0, 1, 7, 3, 8, 10, 0, 0], 'avg_Hue': 40.6272, 'avg_Saturation': 62.1611, 'avg_Value': 165.7459}
kmeans1\5\1\Watermelon (03).jpg: {'Bow': [5, 3, 1, 4, 4, 8, 6, 6, 2, 5, 3, 2, 2, 3, 6, 11, 5, 20, 5, 4, 8, 1, 4, 7, 4, 4, 6, 7, 0, 0], 'avg_Hue': 42.4582, 'avg_Saturation': 62.9917, 'avg_Value': 167.171}
kmeans1\5\1\Watermelon (04).jpg: {'Bow': [4, 1, 3, 2, 3, 4, 5, 6, 1, 2, 2, 5, 0, 4, 2, 1, 3, 14, 3, 12, 3, 8, 4, 3, 5, 5, 3, 1, 11, 9], 'avg_Hue': 46.9155, 'avg_Saturation': 61.1531, 'avg_Value': 156.519}
kmeans1\5\1\Watermelon (05).jpg: {'Bow': [2, 8, 2, 6, 5, 3, 4, 6, 2, 3, 3, 5, 2, 5, 3, 2, 3, 15, 4, 11, 3, 4, 5, 1, 3, 2, 0, 3, 11, 6], 'avg_Hue': 48.4712, 'avg_Saturation': 58.7615, 'avg_Value': 160.4557}
kmeans1\5\1\Watermelon (06).jpg: {'Bow': [3, 5, 6, 11, 7, 4, 4, 8, 1, 3, 2, 5, 5, 7, 3, 1, 5, 15, 6, 4, 4, 5, 7, 9, 2, 1, 2, 3, 10, 5], 'avg_Hue': 49.29, 'avg_Saturation': 52.9484, 'avg_Value': 171.7774}
kmeans1\5\1\Watermelon (07).jpg: {'Bow': [9, 1, 11, 10, 4, 9, 10, 3, 1, 4, 2, 6, 3, 7, 7, 4, 4, 16, 6, 9, 8, 3, 3, 7, 6, 4, 2, 3, 2, 12], 'avg_Hue': 48.929, 'avg_Saturation': 51.9722, 'avg_Value': 170.4523}
kmeans1\5\1\Watermelon (08).jpg: {'Bow': [8, 5, 8, 4, 6, 7, 6, 5, 4, 5, 4, 8, 4, 8, 5, 4, 8, 12, 8, 4, 6, 2, 6, 8, 3, 5, 2, 4, 2, 3], 'avg_Hue': 51.7333, 'avg_Saturation': 53.3089, 'avg_Value': 169.2073}
kmeans1\5\1\Watermelon (09).jpg: {'Bow': [9, 1, 4, 9, 5, 4, 6, 5, 2, 4, 3, 11, 5, 13, 11, 3, 6, 11, 11, 3, 4, 6, 6, 5, 5, 10, 1, 4, 5, 3], 'avg_Hue': 49.6537, 'avg_Saturation': 62.4373, 'avg_Value': 158.716}
kmeans1\5\1\Watermelon (10).jpg: {'Bow': [9, 4, 6, 9, 6, 5, 10, 3, 3, 9, 5, 10, 2, 3, 7, 5, 2, 17, 9, 4, 2, 8, 5, 8, 4, 6, 3, 2, 5, 6], 'avg_Hue': 53.0721, 'avg_Saturation': 62.2712, 'avg_Value': 158.0429}
kmeans1\5\1\Watermelon (11).jpg: {'Bow': [3, 5, 8, 7, 5, 5, 7, 6, 4, 5, 3, 7, 2, 5, 1, 6, 1, 17, 6, 3, 6, 12, 2, 5, 6, 5, 2, 2, 10, 4], 'avg_Hue': 46.7184, 'avg_Saturation': 56.3402, 'avg_Value': 166.9645}
kmeans1\5\1\Watermelon (14).jpg: {'Bow': [5, 7, 2, 10, 10, 11, 9, 6, 11, 5, 2, 6, 5, 5, 9, 1, 12, 13, 3, 3, 2, 1, 13, 10, 4, 4, 3, 18, 1, 1], 'avg_Hue': 46.7013, 'avg_Saturation': 62.358, 'avg_Value': 159.2315}
kmeans1\5\1\Watermelon (15).jpg: {'Bow': [4, 10, 8, 7, 3, 4, 4, 1, 3, 4, 3, 3, 2, 7, 3, 6, 4, 14, 6, 8, 5, 8, 5, 6, 3, 3, 2, 5, 14, 6], 'avg_Hue': 46.4445, 'avg_Saturation': 58.1007, 'avg_Value': 169.4698}
