kmeans\5\0\Avocado (01).jpg: {'Bow': [2, 5, 0, 1, 0, 2, 0, 0, 0, 2, 0, 0, 0, 0, 0, 0, 0, 0, 0, 3, 0, 0, 0, 0, 0, 0, 0, 0, 0, 0], 'avg_Hue': 34.55041449778292, 'avg_Saturation': 154.42105263157896, 'avg_Value': 62.142802303262954}
kmeans\5\0\Avocado (02).jpg: {'Bow': [1, 6, 0, 1, 0, 2, 1, 1, 0, 3, 0, 0, 0, 0, 0, 0, 0, 0, 0, 2, 0, 0, 0, 0, 1, 0, 0, 2, 0, 0], 'avg_Hue': 34.0683358433735, 'avg_Saturation': 158.42149849397592, 'avg_Value': 54.39659048332709}
kmeans\5\0\Avocado (03).jpg: {'Bow': [7, 10, 0, 1, 0, 2, 1, 1, 1, 2, 0, 0, 0, 0, 0, 0, 0, 0, 0, 3, 0, 0, 0, 0, 0, 0, 0, 3, 0, 0], 'avg_Hue': 35.42091503267974, 'avg_Saturation': 148.9482726423903, 'avg_Value': 47.33996282527881}
kmeans\5\0\Avocado (04).jpg: {'Bow': [5, 8, 0, 0, 1, 0, 2, 1, 0, 3, 0, 0, 0, 0, 0, 1, 0, 0, 0, 6, 0, 0, 0, 0, 0, 1, 0, 0, 0, 0], 'avg_Hue': 36.34247096897011, 'avg_Saturation': 146.7412906910337, 'avg_Value': 44.779724891652535}
kmeans\5\0\Avocado (05).jpg: {'Bow': [4, 10, 0, 1, 0, 1, 3, 1, 0, 1, 0, 1, 0, 0, 0, 0, 0, 0, 0, 3, 0, 1, 0, 1, 1, 0, 0, 0, 0, 0], 'avg_Hue': 37.57071613804109, 'avg_Saturation': 144.2370887337986, 'avg_Value': 49.85750937438326}
kmeans\5\0\Avocado (06).jpg: {'Bow': [6, 11, 2, 0, 0, 0, 1, 1, 0, 1, 0, 0, 1, 0, 0, 0, 0, 0, 0, 8, 0, 2, 0, 0, 0, 1, 0, 3, 2, 0], 'avg_Hue': 36.26864167674325, 'avg_Saturation': 148.77670294236196, 'avg_Value': 62.75224237592187}
kmeans\5\0\Avocado (10).jpg: {'Bow': [3, 6, 0, 0, 0, 1, 0, 0, 1, 1, 1, 0, 0, 0, 1, 1, 0, 1, 1, 5, 1, 0, 2, 0, 0, 0, 0, 2, 0, 0], 'avg_Hue': 33.43980117820324, 'avg_Saturation': 147.35364506627394, 'avg_Value': 69.39370654957922}
kmeans\5\0\Avocado (11).jpg: {'Bow': [4, 5, 0, 1, 0, 2, 4, 0, 0, 2, 0, 0, 0, 1, 3, 2, 0, 0, 1, 5, 1, 0, 0, 0, 1, 0, 1, 1, 0, 2], 'avg_Hue': 34.694379601364695, 'avg_Saturation': 157.72082585278275, 'avg_Value': 55.93751112693609}
kmeans\5\0\Avocado (15).jpg: {'Bow': [7, 6, 0, 2, 2, 4, 5, 0, 1, 3, 1, 1, 2, 1, 2, 1, 1, 1, 1, 7, 0, 0, 2, 1, 0, 3, 0, 2, 0, 1], 'avg_Hue': 37.58066060315941, 'avg_Saturation': 129.30636668262326, 'avg_Value': 53.66671916837297}
kmeans\5\0\Eggplant (06).jpg: {'Bow': [1, 0, 0, 0, 1, 0, 1, 0, 0, 1, 0, 1, 0, 1, 0, 2, 0, 0, 0, 0, 0, 0, 0, 0, 0, 0, 0, 0, 0, 1], 'avg_Hue': 28.195675292449486, 'avg_Saturation': 106.61989100817439, 'avg_Value': 46.93238674780257}
