kmeans1\9\1\Avocado (01).jpg: {'Bow': [5, 0, 0, 0, 0, 0, 0, 0, 1, 0, 0, 0, 0, 0, 1, 2, 0, 0, 0, 0, 0, 0, 0, 0, 6, 0, 0, 0, 0, 0], 'avg_Hue': 20.8068, 'avg_Saturation': 80.2229, 'avg_Value': 154.0876}
kmeans1\9\1\Avocado (02).jpg: {'Bow': [4, 0, 1, 0, 0, 0, 0, 0, 1, 0, 0, 1, 0, 0, 5, 2, 0, 0, 0, 0, 0, 0, 0, 0, 6, 0, 0, 0, 0, 0], 'avg_Hue': 21.2552, 'avg_Saturation': 84.1484, 'avg_Value': 147.4488}
kmeans1\9\1\Avocado (03).jpg: {'Bow': [11, 0, 0, 0, 0, 0, 0, 0, 1, 0, 0, 1, 0, 0, 0, 4, 0, 0, 0, 0, 0, 1, 0, 0, 12, 0, 0, 0, 0, 1], 'avg_Hue': 21.2388, 'avg_Saturation': 79.8446, 'avg_Value': 143.0017}
kmeans1\9\1\Avocado (04).jpg: {'Bow': [12, 0, 0, 0, 0, 0, 1, 0, 0, 0, 0, 1, 0, 1, 2, 1, 0, 0, 0, 0, 0, 1, 0, 0, 9, 0, 0, 0, 0, 0], 'avg_Hue': 21.7633, 'avg_Saturation': 77.0261, 'avg_Value': 143.1767}
kmeans1\9\1\Avocado (05).jpg: {'Bow': [9, 0, 0, 0, 0, 0, 0, 0, 2, 1, 0, 1, 0, 0, 0, 1, 0, 0, 0, 1, 0, 0, 1, 0, 11, 0, 0, 0, 0, 0], 'avg_Hue': 22.6615, 'avg_Saturation': 72.3086, 'avg_Value': 150.7136}
kmeans1\9\1\Avocado (06).jpg: {'Bow': [15, 0, 0, 4, 0, 0, 0, 0, 0, 1, 0, 1, 0, 0, 2, 1, 0, 0, 0, 0, 0, 2, 0, 0, 12, 1, 0, 0, 0, 0], 'avg_Hue': 21.9865, 'avg_Saturation': 73.9986, 'avg_Value': 158.2611}
kmeans1\9\1\Avocado (10).jpg: {'Bow': [7, 0, 1, 0, 0, 0, 2, 0, 0, 0, 0, 0, 0, 1, 2, 2, 0, 1, 0, 0, 0, 1, 0, 1, 6, 0, 1, 0, 1, 1], 'avg_Hue': 22.8882, 'avg_Saturation': 80.2608, 'avg_Value': 153.1176}
kmeans1\9\1\Avocado (11).jpg: {'Bow': [8, 1, 4, 2, 0, 0, 0, 0, 0, 0, 0, 0, 0, 2, 1, 3, 0, 1, 1, 0, 0, 0, 0, 5, 7, 0, 0, 0, 1, 1], 'avg_Hue': 23.2014, 'avg_Saturation': 87.9381, 'avg_Value': 142.6952}
kmeans1\9\1\Pineapple (06).jpg: {'Bow': [4, 2, 7, 2, 1, 5, 3, 5, 3, 6, 6, 0, 5, 8, 13, 7, 17, 8, 2, 4, 3, 8, 9, 7, 4, 6, 3, 6, 1, 2], 'avg_Hue': 20.8797, 'avg_Saturation': 68.8682, 'avg_Value': 153.7751}
kmeans1\9\1\Pineapple (07).jpg: {'Bow': [2, 11, 8, 9, 3, 1, 8, 3, 5, 0, 7, 2, 3, 8, 8, 12, 8, 12, 7, 5, 3, 9, 9, 6, 2, 3, 6, 0, 1, 4], 'avg_Hue': 20.2221, 'avg_Saturation': 62.9442, 'avg_Value': 155.6754}
kmeans1\9\1\Pineapple (12).jpg: {'Bow': [6, 5, 3, 6, 2, 5, 6, 8, 8, 10, 7, 0, 6, 10, 8, 7, 12, 5, 6, 6, 2, 6, 6, 3, 4, 2, 1, 10, 3, 4], 'avg_Hue': 20.2873, 'avg_Saturation': 64.8979, 'avg_Value': 161.6919}
kmeans1\9\1\Pineapple (13).jpg: {'Bow': [4, 3, 6, 3, 1, 6, 2, 5, 4, 7, 8, 0, 4, 2, 12, 6, 17, 11, 1, 5, 2, 9, 10, 8, 4, 6, 4, 6, 0, 3], 'avg_Hue': 20.7382, 'avg_Saturation': 69.4904, 'avg_Value': 150.5192}
kmeans1\9\1\Potato (09).jpg: {'Bow': [1, 0, 2, 0, 0, 0, 0, 0, 1, 0, 0, 0, 0, 3, 2, 2, 0, 0, 2, 0, 0, 0, 0, 2, 7, 0, 0, 0, 2, 0], 'avg_Hue': 22.7823, 'avg_Saturation': 82.0114, 'avg_Value': 155.4105}
kmeans1\9\1\Potato (10).jpg: {'Bow': [0, 0, 0, 0, 0, 0, 0, 0, 0, 0, 0, 0, 0, 0, 2, 4, 1, 0, 0, 0, 0, 1, 1, 0, 9, 0, 0, 0, 2, 2], 'avg_Hue': 24.1939, 'avg_Saturation': 73.4734, 'avg_Value': 162.6915}
