kmeans1\6\1\Watermelon (01).jpg: {'Bow': [3, 9, 5, 1, 4, 0, 5, 19, 6, 5, 0, 2, 5, 3, 3, 1, 2, 10, 3, 3, 4, 1, 5, 8, 4, 6, 4, 6, 7, 7], 'avg_Hue': 40.3546, 'avg_Saturation': 60.2049, 'avg_Value': 162.0172}
kmeans1\6\1\Watermelon (02).jpg: {'Bow': [2, 3, 0, 8, 5, 1, 0, 24, 3, 0, 5, 8, 6, 1, 4, 3, 3, 0, 2, 6, 1, 1, 4, 3, 1, 4, 2, 0, 7, 2], 'avg_Hue': 40.6272, 'avg_Saturation': 62.1611, 'avg_Value': 165.7459}
kmeans1\6\1\Watermelon (03).jpg: {'Bow': [8, 4, 2, 7, 3, 0, 3, 24, 5, 2, 4, 4, 10, 5, 7, 3, 2, 2, 6, 6, 4, 1, 3, 0, 4, 4, 7, 2, 8, 6], 'avg_Hue': 42.4582, 'avg_Saturation': 62.9917, 'avg_Value': 167.171}
kmeans1\6\1\Watermelon (04).jpg: {'Bow': [6, 5, 5, 0, 1, 7, 5, 15, 4, 8, 3, 0, 3, 4, 3, 3, 5, 8, 4, 6, 2, 4, 3, 6, 4, 0, 4, 1, 5, 5], 'avg_Hue': 46.9155, 'avg_Saturation': 61.1531, 'avg_Value': 156.519}
kmeans1\6\1\Watermelon (05).jpg: {'Bow': [6, 3, 5, 2, 8, 5, 6, 16, 3, 6, 2, 1, 2, 0, 4, 3, 1, 10, 3, 9, 7, 2, 5, 4, 4, 1, 5, 2, 5, 2], 'avg_Hue': 48.4712, 'avg_Saturation': 58.7615, 'avg_Value': 160.4557}
kmeans1\6\1\Watermelon (06).jpg: {'Bow': [4, 3, 6, 3, 5, 4, 7, 16, 11, 3, 4, 4, 1, 7, 2, 4, 4, 11, 4, 4, 8, 4, 4, 8, 8, 3, 5, 3, 1, 2], 'avg_Hue': 49.29, 'avg_Saturation': 52.9484, 'avg_Value': 171.7774}
kmeans1\6\1\Watermelon (07).jpg: {'Bow': [9, 6, 3, 4, 3, 6, 7, 19, 5, 11, 3, 2, 3, 5, 1, 3, 7, 1, 12, 10, 10, 8, 6, 8, 3, 3, 5, 5, 3, 5], 'avg_Hue': 48.929, 'avg_Saturation': 51.9722, 'avg_Value': 170.4523}
kmeans1\6\1\Watermelon (08).jpg: {'Bow': [6, 5, 7, 1, 6, 5, 9, 16, 4, 3, 4, 6, 3, 5, 5, 6, 4, 4, 8, 4, 3, 7, 6, 3, 7, 5, 7, 4, 7, 4], 'avg_Hue': 51.7333, 'avg_Saturation': 53.3089, 'avg_Value': 169.2073}
kmeans1\6\1\Watermelon (09).jpg: {'Bow': [4, 2, 7, 3, 2, 10, 7, 13, 10, 4, 5, 7, 3, 3, 3, 2, 6, 7, 9, 1, 9, 6, 7, 10, 4, 3, 6, 4, 6, 12], 'avg_Hue': 49.6537, 'avg_Saturation': 62.4373, 'avg_Value': 158.716}
kmeans1\6\1\Watermelon (10).jpg: {'Bow': [2, 4, 3, 5, 5, 3, 9, 20, 6, 8, 1, 2, 5, 6, 6, 5, 8, 4, 12, 6, 7, 7, 8, 7, 3, 3, 9, 4, 5, 4], 'avg_Hue': 53.0721, 'avg_Saturation': 62.2712, 'avg_Value': 158.0429}
kmeans1\6\1\Watermelon (11).jpg: {'Bow': [5, 4, 2, 0, 5, 4, 6, 21, 5, 2, 1, 2, 9, 5, 1, 5, 4, 12, 7, 3, 5, 6, 3, 13, 4, 8, 7, 2, 5, 4], 'avg_Hue': 46.7184, 'avg_Saturation': 56.3402, 'avg_Value': 166.9645}
kmeans1\6\1\Watermelon (12).jpg: {'Bow': [6, 5, 3, 4, 5, 2, 5, 22, 5, 8, 2, 6, 5, 7, 4, 5, 3, 8, 10, 4, 9, 8, 8, 15, 2, 3, 3, 11, 1, 8], 'avg_Hue': 48.0303, 'avg_Saturation': 67.5108, 'avg_Value': 151.268}
kmeans1\6\1\Watermelon (13).jpg: {'Bow': [4, 7, 5, 1, 6, 5, 3, 16, 8, 12, 2, 4, 3, 4, 7, 6, 9, 7, 5, 5, 8, 8, 6, 13, 2, 7, 4, 3, 6, 11], 'avg_Hue': 47.3077, 'avg_Saturation': 70.4124, 'avg_Value': 147.3133}
kmeans1\6\1\Watermelon (14).jpg: {'Bow': [3, 8, 11, 7, 7, 2, 4, 17, 3, 3, 11, 11, 1, 3, 6, 10, 5, 5, 10, 10, 11, 0, 7, 2, 4, 6, 7, 6, 7, 5], 'avg_Hue': 46.7013, 'avg_Saturation': 62.358, 'avg_Value': 159.2315}
kmeans1\6\1\Watermelon (15).jpg: {'Bow': [6, 2, 5, 3, 10, 5, 5, 15, 5, 8, 3, 4, 4, 5, 9, 6, 7, 13, 3, 4, 6, 5, 2, 11, 4, 2, 2, 3, 2, 2], 'avg_Hue': 46.4445, 'avg_Saturation': 58.1007, 'avg_Value': 169.4698}
