kmeans1\5\Orange (01).jpg: {'Bow': [0, 8, 1, 2, 0, 0, 2, 0, 0, 5, 0, 0, 1, 0, 1, 1, 0, 0, 1, 0, 8, 0, 0, 0, 0, 0, 0, 1, 0, 0], 'avg_Hue': 22.367, 'avg_Saturation': 162.7395, 'avg_Value': 169.4388}
kmeans1\5\Orange (02).jpg: {'Bow': [0, 9, 1, 6, 0, 1, 4, 1, 0, 4, 0, 0, 1, 0, 5, 0, 0, 0, 2, 0, 5, 0, 0, 0, 0, 0, 0, 0, 0, 0], 'avg_Hue': 20.1315, 'avg_Saturation': 176.3202, 'avg_Value': 179.7053}
kmeans1\5\Orange (03).jpg: {'Bow': [1, 5, 0, 2, 0, 1, 2, 0, 0, 5, 0, 1, 0, 0, 6, 0, 0, 0, 0, 0, 3, 0, 0, 0, 0, 1, 0, 0, 0, 0], 'avg_Hue': 19.2571, 'avg_Saturation': 179.0629, 'avg_Value': 179.6956}
kmeans1\5\Orange (04).jpg: {'Bow': [0, 8, 0, 3, 0, 0, 1, 0, 1, 4, 0, 1, 1, 0, 1, 0, 0, 1, 2, 0, 4, 0, 1, 0, 0, 0, 0, 0, 0, 0], 'avg_Hue': 19.6507, 'avg_Saturation': 180.5616, 'avg_Value': 178.5933}
kmeans1\5\Orange (05).jpg: {'Bow': [1, 8, 1, 3, 0, 0, 1, 0, 0, 4, 0, 0, 0, 0, 5, 0, 0, 0, 1, 0, 3, 0, 0, 0, 0, 0, 0, 0, 0, 0], 'avg_Hue': 20.206, 'avg_Saturation': 173.0008, 'avg_Value': 181.7138}
kmeans1\5\Orange (06).jpg: {'Bow': [1, 3, 0, 3, 0, 0, 0, 0, 0, 4, 0, 1, 0, 0, 9, 0, 0, 0, 1, 0, 10, 0, 0, 0, 0, 0, 0, 0, 0, 0], 'avg_Hue': 19.4013, 'avg_Saturation': 180.7335, 'avg_Value': 178.9144}
kmeans1\5\Orange (07).jpg: {'Bow': [1, 6, 1, 4, 0, 0, 1, 1, 0, 3, 0, 0, 1, 0, 4, 0, 0, 0, 3, 1, 4, 0, 0, 0, 0, 0, 0, 0, 0, 0], 'avg_Hue': 19.6521, 'avg_Saturation': 180.8737, 'avg_Value': 177.5936}
kmeans1\5\Orange (08).jpg: {'Bow': [0, 3, 1, 4, 0, 1, 0, 1, 2, 4, 0, 0, 0, 0, 4, 0, 0, 0, 2, 0, 2, 0, 0, 0, 0, 0, 0, 0, 0, 0], 'avg_Hue': 19.9, 'avg_Saturation': 180.4082, 'avg_Value': 177.9914}
kmeans1\5\Orange (09).jpg: {'Bow': [0, 2, 0, 1, 0, 1, 2, 1, 0, 3, 2, 0, 0, 0, 5, 0, 0, 0, 1, 0, 5, 0, 0, 0, 0, 1, 0, 0, 0, 1], 'avg_Hue': 19.0745, 'avg_Saturation': 172.2009, 'avg_Value': 177.1382}
kmeans1\5\Orange (10).jpg: {'Bow': [1, 10, 0, 4, 0, 0, 1, 0, 0, 0, 0, 0, 0, 0, 4, 0, 0, 0, 1, 0, 3, 0, 0, 0, 1, 0, 0, 0, 0, 1], 'avg_Hue': 19.6225, 'avg_Saturation': 168.7245, 'avg_Value': 171.2029}
kmeans1\5\Orange (11).jpg: {'Bow': [0, 7, 1, 1, 0, 0, 4, 0, 0, 3, 0, 0, 0, 0, 1, 0, 0, 0, 2, 0, 2, 0, 0, 0, 0, 0, 0, 0, 0, 0], 'avg_Hue': 19.9656, 'avg_Saturation': 168.0165, 'avg_Value': 169.6716}
kmeans1\5\Orange (12).jpg: {'Bow': [3, 6, 0, 2, 1, 0, 1, 1, 0, 4, 0, 1, 0, 0, 4, 1, 0, 0, 1, 1, 2, 1, 0, 0, 0, 0, 1, 0, 0, 0], 'avg_Hue': 20.6335, 'avg_Saturation': 166.5197, 'avg_Value': 166.989}
kmeans1\5\Orange (13).jpg: {'Bow': [0, 6, 0, 3, 1, 0, 0, 1, 0, 3, 0, 1, 1, 0, 2, 0, 1, 0, 0, 0, 2, 1, 0, 0, 0, 1, 1, 0, 0, 0], 'avg_Hue': 20.4915, 'avg_Saturation': 167.7317, 'avg_Value': 164.9092}
kmeans1\5\Orange (14).jpg: {'Bow': [0, 5, 1, 3, 0, 0, 2, 0, 0, 2, 1, 0, 2, 3, 5, 0, 0, 1, 1, 1, 4, 0, 1, 2, 0, 0, 0, 0, 1, 1], 'avg_Hue': 21.5632, 'avg_Saturation': 165.7646, 'avg_Value': 167.0924}
kmeans1\5\Orange (15).jpg: {'Bow': [1, 6, 0, 1, 0, 1, 3, 0, 2, 2, 0, 1, 0, 1, 1, 0, 1, 1, 0, 0, 3, 0, 3, 1, 1, 0, 1, 0, 0, 0], 'avg_Hue': 22.0608, 'avg_Saturation': 160.9347, 'avg_Value': 167.9962}
