kmeans3\2\1\Banana (07).jpg: {'Bow': [4, 2, 8, 0, 0, 0, 2, 3, 0, 2, 0, 2, 0, 0, 0, 0, 1, 1, 7, 1, 0, 0, 3, 0, 1, 0, 1, 3, 2, 0], 'avg_Hue': 29.141343552750225, 'avg_Saturation': 165.16591625393966, 'avg_Value': 148.80233865527322}
kmeans3\2\1\Banana (09).jpg: {'Bow': [3, 2, 2, 1, 0, 1, 0, 1, 1, 1, 0, 4, 2, 0, 0, 2, 3, 1, 2, 1, 0, 0, 3, 0, 1, 1, 1, 10, 6, 0], 'avg_Hue': 24.136932707355243, 'avg_Saturation': 161.38715548621946, 'avg_Value': 136.90984671343207}
kmeans3\2\1\Banana (12).jpg: {'Bow': [4, 1, 11, 1, 0, 0, 4, 1, 2, 1, 0, 1, 2, 0, 0, 2, 1, 3, 5, 0, 0, 0, 3, 0, 2, 0, 0, 7, 2, 0], 'avg_Hue': 27.16100511865984, 'avg_Saturation': 167.59576940957695, 'avg_Value': 148.3885661166628}
kmeans3\2\1\Banana (15).jpg: {'Bow': [3, 2, 2, 0, 0, 2, 1, 1, 0, 1, 0, 5, 1, 0, 0, 1, 1, 2, 5, 0, 0, 0, 3, 0, 0, 0, 1, 3, 1, 1], 'avg_Hue': 24.661975570897503, 'avg_Saturation': 169.0758821968692, 'avg_Value': 131.72787493375728}
kmeans3\2\1\Corn (01).jpg: {'Bow': [3, 1, 0, 4, 2, 0, 0, 4, 1, 2, 1, 0, 4, 0, 2, 0, 1, 4, 1, 0, 0, 0, 0, 2, 0, 0, 0, 3, 3, 0], 'avg_Hue': 21.238962859145058, 'avg_Saturation': 154.083391730904, 'avg_Value': 156.83512377393743}
kmeans3\2\1\Corn (03).jpg: {'Bow': [2, 0, 3, 2, 8, 0, 1, 2, 3, 0, 2, 0, 9, 2, 1, 0, 2, 8, 2, 2, 3, 2, 0, 0, 0, 3, 0, 1, 4, 4], 'avg_Hue': 21.447401143994032, 'avg_Saturation': 160.11564287490674, 'avg_Value': 162.23595226255594}
kmeans3\2\1\Corn (05).jpg: {'Bow': [1, 0, 3, 0, 3, 0, 2, 2, 2, 2, 1, 0, 3, 2, 6, 1, 3, 3, 1, 2, 1, 0, 1, 3, 0, 3, 0, 1, 5, 0], 'avg_Hue': 22.057728119180634, 'avg_Saturation': 159.7382578108835, 'avg_Value': 168.90403309203722}
kmeans3\2\1\Corn (09).jpg: {'Bow': [6, 1, 0, 1, 4, 0, 1, 3, 2, 2, 3, 0, 5, 1, 0, 0, 2, 5, 0, 0, 3, 0, 0, 2, 1, 0, 0, 1, 1, 0], 'avg_Hue': 20.9187123668365, 'avg_Saturation': 155.56739231125522, 'avg_Value': 149.85247799907364}
kmeans3\2\1\Pear (03).jpg: {'Bow': [0, 0, 15, 1, 0, 0, 0, 0, 0, 0, 0, 0, 0, 0, 0, 0, 0, 1, 0, 0, 0, 0, 0, 0, 0, 0, 0, 5, 1, 0], 'avg_Hue': 24.95531561461794, 'avg_Saturation': 132.43521594684384, 'avg_Value': 154.97177017602127}
kmeans3\2\1\Pear (14).jpg: {'Bow': [1, 1, 11, 1, 0, 1, 1, 0, 0, 1, 0, 0, 0, 0, 1, 1, 0, 2, 1, 0, 0, 0, 0, 0, 1, 0, 1, 6, 1, 0], 'avg_Hue': 24.899536009683278, 'avg_Saturation': 138.5115997579181, 'avg_Value': 150.5637353771682}
