kmeans1\2\Cherry (02).jpg: {'Bow': [1, 1, 0, 1, 0, 0, 0, 2, 0, 4, 1, 0, 0, 0, 0, 2, 0, 2, 1, 0, 1, 5, 1, 0, 0, 1, 0, 0, 0, 3], 'avg_Hue': 63.456, 'avg_Saturation': 147.4236, 'avg_Value': 94.9796}
kmeans1\2\Cherry (03).jpg: {'Bow': [2, 1, 0, 1, 0, 0, 0, 7, 1, 1, 0, 0, 0, 0, 0, 1, 0, 1, 0, 0, 0, 1, 3, 1, 0, 1, 0, 0, 0, 6], 'avg_Hue': 57.3037, 'avg_Saturation': 135.6042, 'avg_Value': 107.772}
kmeans1\2\Cherry (04).jpg: {'Bow': [5, 0, 0, 1, 1, 2, 1, 3, 1, 4, 1, 0, 0, 1, 0, 1, 0, 0, 2, 1, 0, 1, 1, 0, 1, 2, 0, 0, 0, 1], 'avg_Hue': 48.3889, 'avg_Saturation': 141.3907, 'avg_Value': 101.6615}
kmeans1\2\Cherry (05).jpg: {'Bow': [4, 1, 0, 1, 0, 0, 1, 4, 0, 4, 1, 4, 1, 0, 0, 1, 2, 0, 0, 1, 1, 3, 1, 0, 0, 2, 1, 3, 3, 2], 'avg_Hue': 42.0524, 'avg_Saturation': 132.6591, 'avg_Value': 105.2509}
kmeans1\2\Cherry (06).jpg: {'Bow': [4, 2, 1, 1, 0, 1, 1, 2, 0, 6, 0, 3, 1, 0, 0, 0, 2, 2, 0, 1, 0, 6, 0, 2, 0, 1, 0, 2, 2, 1], 'avg_Hue': 39.0978, 'avg_Saturation': 136.9995, 'avg_Value': 99.7204}
kmeans1\2\Cherry (08).jpg: {'Bow': [6, 0, 0, 1, 0, 0, 0, 7, 2, 4, 1, 0, 1, 0, 0, 1, 0, 0, 0, 1, 1, 0, 1, 0, 0, 0, 1, 0, 0, 4], 'avg_Hue': 54.0829, 'avg_Saturation': 141.0391, 'avg_Value': 95.5397}
kmeans1\2\Cherry (09).jpg: {'Bow': [6, 1, 0, 1, 1, 0, 0, 4, 1, 0, 0, 0, 1, 0, 0, 0, 0, 0, 2, 0, 0, 2, 3, 0, 0, 0, 0, 0, 0, 4], 'avg_Hue': 35.5519, 'avg_Saturation': 149.6416, 'avg_Value': 83.3153}
kmeans1\2\Cherry (10).jpg: {'Bow': [1, 1, 1, 0, 0, 1, 0, 5, 1, 2, 0, 0, 1, 0, 1, 0, 0, 4, 0, 0, 1, 4, 1, 1, 0, 0, 0, 0, 1, 2], 'avg_Hue': 28.2542, 'avg_Saturation': 145.1909, 'avg_Value': 85.2375}
kmeans1\2\Cherry (11).jpg: {'Bow': [2, 0, 4, 0, 2, 0, 0, 5, 2, 4, 1, 0, 0, 4, 4, 2, 0, 2, 1, 0, 0, 1, 1, 1, 0, 1, 0, 0, 0, 4], 'avg_Hue': 38.4335, 'avg_Saturation': 133.3764, 'avg_Value': 101.8328}
kmeans1\2\Cherry (12).jpg: {'Bow': [5, 1, 0, 0, 0, 1, 1, 5, 1, 4, 0, 0, 0, 1, 2, 1, 1, 3, 2, 0, 2, 1, 1, 0, 2, 0, 0, 0, 1, 6], 'avg_Hue': 34.7136, 'avg_Saturation': 130.1298, 'avg_Value': 109.6335}
kmeans1\2\Cherry (13).jpg: {'Bow': [4, 1, 1, 0, 1, 0, 0, 1, 2, 6, 0, 0, 0, 2, 0, 0, 0, 2, 1, 0, 0, 0, 0, 0, 1, 0, 0, 0, 0, 3], 'avg_Hue': 36.2459, 'avg_Saturation': 131.1882, 'avg_Value': 106.9998}
kmeans1\2\Cherry (14).jpg: {'Bow': [4, 1, 0, 1, 0, 1, 0, 3, 2, 7, 0, 0, 0, 0, 1, 1, 0, 1, 1, 0, 0, 0, 2, 0, 0, 1, 0, 0, 0, 4], 'avg_Hue': 47.7744, 'avg_Saturation': 141.5789, 'avg_Value': 97.8032}
kmeans1\2\Cherry (15).jpg: {'Bow': [5, 0, 0, 0, 0, 1, 0, 5, 2, 3, 1, 0, 1, 0, 0, 2, 0, 2, 0, 1, 0, 0, 0, 1, 0, 0, 1, 0, 0, 6], 'avg_Hue': 45.5508, 'avg_Saturation': 138.8497, 'avg_Value': 97.327}
