kmeans\0\Pineapple (01).jpg: {'Bow': [8, 12, 1, 9, 13, 4, 5, 5, 3, 5, 1, 2, 9, 7, 22, 4, 10, 3, 5, 2, 4, 2, 3, 8, 9, 3, 6, 4, 6, 4], 'avg_Hue': 17.452756996397895, 'avg_Saturation': 94.17562182217947, 'avg_Value': 91.65303610503283}
kmeans\0\Pineapple (02).jpg: {'Bow': [11, 15, 9, 7, 13, 5, 6, 7, 4, 2, 5, 3, 5, 8, 11, 4, 5, 2, 9, 2, 2, 2, 4, 9, 6, 5, 10, 5, 3, 4], 'avg_Hue': 17.971772519717724, 'avg_Saturation': 82.11663690067317, 'avg_Value': 90.47573479152426}
kmeans\0\Pineapple (03).jpg: {'Bow': [9, 17, 8, 6, 10, 3, 4, 2, 3, 2, 3, 5, 8, 6, 16, 3, 12, 3, 10, 3, 5, 4, 4, 10, 4, 4, 6, 11, 1, 5], 'avg_Hue': 19.957918050941306, 'avg_Saturation': 75.11076079506512, 'avg_Value': 89.20136239782016}
kmeans\0\Pineapple (04).jpg: {'Bow': [14, 10, 2, 7, 12, 2, 5, 7, 1, 1, 7, 1, 2, 7, 18, 5, 9, 3, 9, 5, 5, 3, 5, 9, 7, 1, 7, 6, 7, 0], 'avg_Hue': 17.20629811056683, 'avg_Saturation': 89.32661570535093, 'avg_Value': 93.92400165814564}
kmeans\0\Pineapple (05).jpg: {'Bow': [7, 7, 6, 10, 10, 5, 4, 6, 3, 3, 3, 6, 6, 6, 16, 4, 5, 4, 4, 2, 3, 5, 6, 17, 8, 2, 6, 7, 3, 6], 'avg_Hue': 15.962563191692855, 'avg_Saturation': 91.32980456026058, 'avg_Value': 90.09768950141873}
kmeans\0\Pineapple (06).jpg: {'Bow': [14, 9, 1, 2, 11, 1, 12, 7, 2, 3, 7, 8, 6, 9, 18, 5, 1, 6, 2, 3, 2, 2, 2, 1, 7, 3, 6, 5, 1, 0], 'avg_Hue': 17.205634987384357, 'avg_Saturation': 95.48987571568216, 'avg_Value': 115.09699415530197}
kmeans\0\Pineapple (07).jpg: {'Bow': [10, 3, 5, 13, 9, 3, 5, 3, 7, 5, 4, 3, 11, 5, 16, 3, 8, 5, 2, 3, 1, 6, 6, 4, 6, 3, 9, 2, 4, 1], 'avg_Hue': 16.49299855142443, 'avg_Saturation': 99.52084669660039, 'avg_Value': 98.37509912767645}
kmeans\0\Pineapple (08).jpg: {'Bow': [11, 3, 4, 3, 7, 3, 4, 2, 6, 6, 3, 3, 10, 2, 14, 2, 7, 0, 5, 2, 5, 2, 3, 7, 5, 7, 11, 5, 7, 2], 'avg_Hue': 18.23649876135425, 'avg_Saturation': 74.57119395631467, 'avg_Value': 87.49569875020289}
kmeans\0\Pineapple (09).jpg: {'Bow': [12, 6, 5, 3, 6, 2, 4, 6, 9, 9, 6, 7, 11, 6, 23, 4, 5, 4, 1, 3, 6, 2, 6, 3, 4, 6, 7, 6, 3, 4], 'avg_Hue': 17.873744831659774, 'avg_Saturation': 76.80983125458548, 'avg_Value': 92.03894012589664}
kmeans\0\Pineapple (10).jpg: {'Bow': [15, 7, 6, 8, 9, 0, 8, 4, 9, 5, 3, 4, 6, 4, 14, 3, 6, 3, 6, 2, 4, 4, 2, 6, 6, 7, 4, 8, 9, 3], 'avg_Hue': 20.044862079418007, 'avg_Saturation': 74.58755098957546, 'avg_Value': 87.74080717488789}
kmeans\0\Pineapple (11).jpg: {'Bow': [10, 4, 7, 7, 11, 3, 5, 1, 16, 2, 3, 5, 5, 4, 14, 1, 13, 3, 4, 1, 0, 5, 1, 7, 7, 8, 5, 6, 5, 3], 'avg_Hue': 16.699143129165343, 'avg_Saturation': 87.63039014373716, 'avg_Value': 89.40490411820183}
kmeans\0\Pineapple (12).jpg: {'Bow': [11, 9, 2, 9, 5, 2, 6, 7, 6, 6, 7, 10, 7, 3, 17, 7, 2, 6, 4, 5, 3, 4, 1, 1, 6, 6, 3, 4, 4, 3], 'avg_Hue': 13.891209476309227, 'avg_Saturation': 99.91836417353444, 'avg_Value': 110.91244954982925}
kmeans\0\Pineapple (13).jpg: {'Bow': [12, 11, 1, 3, 7, 1, 13, 6, 2, 4, 10, 10, 8, 9, 15, 4, 0, 7, 2, 4, 1, 1, 4, 2, 9, 3, 5, 5, 1, 1], 'avg_Hue': 16.797282459511393, 'avg_Saturation': 94.28694463431306, 'avg_Value': 113.78955244184465}
kmeans\0\Pineapple (14).jpg: {'Bow': [12, 4, 6, 6, 15, 3, 5, 1, 4, 5, 2, 6, 6, 7, 9, 3, 8, 3, 4, 6, 4, 5, 1, 17, 9, 1, 12, 9, 8, 5], 'avg_Hue': 17.35176422874138, 'avg_Saturation': 91.45416666666667, 'avg_Value': 89.93649517684888}
kmeans\0\Pineapple (15).jpg: {'Bow': [6, 6, 2, 8, 14, 2, 4, 3, 2, 4, 3, 4, 5, 10, 13, 3, 10, 2, 4, 5, 2, 2, 2, 10, 9, 1, 6, 4, 12, 4], 'avg_Hue': 18.25261276127613, 'avg_Saturation': 95.27175989085949, 'avg_Value': 91.04429093864283}
