kmeans3\8\2\Banana (02).jpg: {'Bow': [5, 1, 0, 2, 7, 2, 3, 0, 0, 1, 0, 0, 0, 1, 0, 2, 1, 0, 8, 0, 0, 2, 1, 3, 0, 1, 0, 0, 2, 0], 'avg_Hue': 28.099302421009437, 'avg_Saturation': 144.48076923076923, 'avg_Value': 133.42502037489814}
kmeans3\8\2\Banana (03).jpg: {'Bow': [1, 2, 2, 3, 10, 0, 5, 1, 0, 1, 0, 2, 1, 1, 0, 0, 5, 0, 7, 1, 2, 2, 0, 1, 0, 0, 0, 1, 0, 1], 'avg_Hue': 31.79776674937965, 'avg_Saturation': 136.55716486902926, 'avg_Value': 120.76767055931161}
kmeans3\8\2\Banana (08).jpg: {'Bow': [6, 2, 0, 3, 10, 0, 6, 0, 0, 1, 0, 3, 0, 0, 1, 0, 1, 0, 8, 1, 0, 1, 1, 0, 0, 0, 1, 0, 0, 0], 'avg_Hue': 26.915258711721226, 'avg_Saturation': 130.42297581493165, 'avg_Value': 124.91894018887723}
kmeans3\8\2\Banana (13).jpg: {'Bow': [0, 2, 0, 2, 12, 0, 4, 0, 0, 3, 0, 3, 0, 0, 0, 0, 4, 0, 3, 4, 0, 1, 0, 4, 0, 0, 3, 1, 0, 2], 'avg_Hue': 28.955463827938303, 'avg_Saturation': 135.39298773929877, 'avg_Value': 117.79875563183866}
kmeans3\8\2\Pear (08).jpg: {'Bow': [8, 6, 1, 0, 4, 0, 1, 0, 0, 0, 1, 1, 3, 2, 1, 2, 0, 0, 6, 0, 1, 1, 1, 0, 1, 1, 2, 0, 0, 0], 'avg_Hue': 25.77363515312916, 'avg_Saturation': 136.5033288948069, 'avg_Value': 139.73597108617082}
kmeans3\8\2\Pear (13).jpg: {'Bow': [11, 5, 1, 0, 13, 0, 0, 0, 0, 0, 0, 1, 3, 1, 0, 1, 0, 0, 1, 0, 1, 0, 0, 0, 1, 0, 0, 0, 0, 2], 'avg_Hue': 25.485493594574226, 'avg_Saturation': 137.89003954057617, 'avg_Value': 137.84544600938966}
kmeans3\8\2\Potato (01).jpg: {'Bow': [6, 4, 0, 0, 1, 1, 0, 0, 0, 1, 1, 0, 0, 0, 0, 2, 0, 0, 1, 0, 1, 1, 0, 2, 0, 0, 1, 0, 0, 0], 'avg_Hue': 20.12854578096948, 'avg_Saturation': 129.0456014362657, 'avg_Value': 136.95251746998747}
kmeans3\8\2\Potato (02).jpg: {'Bow': [3, 4, 0, 3, 1, 0, 0, 1, 0, 2, 2, 2, 0, 2, 0, 0, 1, 1, 0, 4, 2, 1, 0, 1, 1, 1, 0, 2, 1, 3], 'avg_Hue': 20.044516390125455, 'avg_Saturation': 121.75121359223301, 'avg_Value': 123.48650825614176}
kmeans3\8\2\Potato (03).jpg: {'Bow': [4, 2, 1, 1, 4, 0, 2, 1, 0, 1, 1, 0, 0, 0, 0, 2, 0, 0, 3, 0, 1, 6, 0, 0, 0, 1, 0, 0, 1, 2], 'avg_Hue': 21.125834127740706, 'avg_Saturation': 123.86787416587227, 'avg_Value': 138.21468064823642}
kmeans3\8\2\Potato (04).jpg: {'Bow': [1, 4, 1, 1, 3, 0, 0, 0, 0, 0, 1, 0, 0, 1, 0, 1, 1, 1, 0, 3, 0, 2, 0, 0, 1, 0, 2, 1, 0, 1], 'avg_Hue': 20.347327538376177, 'avg_Saturation': 119.57333086739412, 'avg_Value': 124.26987640656705}
kmeans3\8\2\Potato (05).jpg: {'Bow': [3, 2, 1, 3, 2, 0, 0, 1, 0, 0, 0, 0, 0, 1, 1, 0, 1, 1, 1, 0, 1, 1, 0, 0, 0, 0, 1, 0, 1, 0], 'avg_Hue': 20.208393039918118, 'avg_Saturation': 119.79733879222108, 'avg_Value': 127.12754686226569}
kmeans3\8\2\Potato (06).jpg: {'Bow': [3, 3, 0, 1, 1, 0, 0, 1, 0, 1, 2, 0, 0, 0, 2, 0, 1, 1, 0, 0, 0, 0, 0, 1, 0, 0, 1, 1, 1, 1], 'avg_Hue': 20.150671208174714, 'avg_Saturation': 116.04928871969545, 'avg_Value': 130.17732906837264}
kmeans3\8\2\Potato (11).jpg: {'Bow': [4, 0, 0, 2, 0, 0, 2, 0, 0, 0, 0, 2, 0, 2, 0, 0, 1, 0, 0, 0, 0, 2, 1, 1, 0, 0, 1, 1, 0, 0], 'avg_Hue': 20.508757961783438, 'avg_Saturation': 125.5953423566879, 'avg_Value': 128.83333333333334}
kmeans3\8\2\Potato (12).jpg: {'Bow': [7, 5, 0, 0, 1, 2, 0, 0, 1, 0, 2, 1, 2, 0, 0, 1, 0, 2, 2, 0, 2, 1, 0, 0, 2, 0, 1, 0, 0, 0], 'avg_Hue': 19.99521361460734, 'avg_Saturation': 127.5066477574898, 'avg_Value': 139.2701169797944}
kmeans3\8\2\Potato (15).jpg: {'Bow': [3, 2, 0, 2, 2, 3, 0, 1, 0, 2, 0, 3, 0, 0, 0, 1, 3, 0, 1, 1, 1, 3, 1, 1, 3, 0, 0, 2, 0, 0], 'avg_Hue': 21.37931661214104, 'avg_Saturation': 124.74486643648919, 'avg_Value': 142.9705615119026}
