kmeans1\9\0\Avocado (13).jpg: {'Bow': [1, 4, 1, 3, 2, 1, 4, 0, 0, 7, 2, 1, 0, 0, 2, 0, 0, 0, 0, 12, 2, 0, 0, 0, 5, 1, 3, 0, 5, 0], 'avg_Hue': 31.4622, 'avg_Saturation': 85.8031, 'avg_Value': 109.0968}
kmeans1\9\0\Avocado (15).jpg: {'Bow': [1, 0, 0, 0, 2, 0, 1, 0, 2, 14, 2, 0, 1, 0, 5, 1, 0, 0, 2, 14, 1, 0, 0, 0, 2, 2, 1, 0, 6, 0], 'avg_Hue': 27.3956, 'avg_Saturation': 81.0564, 'avg_Value': 126.6754}
kmeans1\9\0\Pineapple (01).jpg: {'Bow': [9, 4, 4, 9, 4, 8, 2, 9, 4, 11, 5, 6, 7, 1, 7, 6, 3, 1, 9, 18, 3, 8, 2, 4, 6, 2, 2, 10, 11, 4], 'avg_Hue': 21.4717, 'avg_Saturation': 69.0253, 'avg_Value': 135.1232}
kmeans1\9\0\Pineapple (02).jpg: {'Bow': [5, 5, 10, 9, 2, 2, 1, 4, 7, 6, 4, 9, 5, 5, 16, 4, 5, 2, 2, 17, 5, 12, 9, 2, 2, 6, 11, 7, 6, 3], 'avg_Hue': 20.0725, 'avg_Saturation': 60.2718, 'avg_Value': 134.2364}
kmeans1\9\0\Pineapple (03).jpg: {'Bow': [7, 2, 7, 8, 2, 12, 4, 11, 3, 8, 9, 9, 5, 2, 4, 5, 4, 1, 3, 17, 3, 16, 7, 5, 4, 8, 7, 3, 8, 2], 'avg_Hue': 20.9056, 'avg_Saturation': 55.1982, 'avg_Value': 132.8906}
kmeans1\9\0\Pineapple (04).jpg: {'Bow': [1, 3, 4, 9, 2, 8, 0, 10, 3, 11, 5, 7, 2, 5, 3, 5, 6, 0, 7, 21, 8, 8, 7, 5, 6, 4, 3, 9, 8, 7], 'avg_Hue': 21.4149, 'avg_Saturation': 64.8938, 'avg_Value': 137.9794}
kmeans1\9\0\Pineapple (05).jpg: {'Bow': [5, 9, 6, 4, 1, 9, 4, 9, 5, 9, 6, 7, 8, 4, 4, 7, 6, 1, 4, 14, 4, 13, 5, 3, 2, 5, 8, 4, 9, 6], 'avg_Hue': 22.1423, 'avg_Saturation': 68.0956, 'avg_Value': 132.5761}
kmeans1\9\0\Pineapple (08).jpg: {'Bow': [9, 3, 6, 3, 6, 3, 5, 6, 6, 9, 3, 3, 6, 3, 6, 1, 3, 0, 3, 13, 9, 4, 5, 6, 4, 5, 4, 8, 6, 3], 'avg_Hue': 19.2495, 'avg_Saturation': 45.8432, 'avg_Value': 151.2689}
kmeans1\9\0\Pineapple (09).jpg: {'Bow': [9, 3, 1, 4, 7, 1, 7, 6, 8, 12, 6, 6, 5, 5, 7, 5, 6, 1, 2, 12, 6, 5, 6, 7, 9, 5, 4, 3, 15, 7], 'avg_Hue': 20.169, 'avg_Saturation': 52.7584, 'avg_Value': 143.0698}
kmeans1\9\0\Pineapple (10).jpg: {'Bow': [6, 5, 4, 4, 6, 2, 11, 7, 6, 4, 6, 2, 7, 2, 6, 2, 2, 0, 8, 17, 4, 4, 11, 5, 7, 7, 7, 8, 11, 5], 'avg_Hue': 21.5035, 'avg_Saturation': 49.7216, 'avg_Value': 142.5924}
kmeans1\9\0\Pineapple (11).jpg: {'Bow': [5, 2, 1, 3, 3, 6, 9, 8, 8, 10, 5, 5, 5, 3, 4, 5, 1, 1, 9, 14, 6, 4, 9, 1, 9, 9, 8, 7, 4, 1], 'avg_Hue': 19.7761, 'avg_Saturation': 56.0705, 'avg_Value': 149.257}
kmeans1\9\0\Pineapple (14).jpg: {'Bow': [5, 6, 6, 4, 6, 8, 4, 7, 7, 7, 6, 10, 6, 1, 7, 5, 1, 1, 6, 19, 7, 13, 9, 4, 1, 3, 7, 11, 3, 6], 'avg_Hue': 22.1765, 'avg_Saturation': 68.722, 'avg_Value': 131.3366}
kmeans1\9\0\Pineapple (15).jpg: {'Bow': [5, 9, 4, 5, 3, 7, 3, 10, 9, 8, 3, 11, 5, 3, 6, 2, 3, 2, 6, 10, 3, 5, 4, 3, 6, 1, 2, 12, 8, 5], 'avg_Hue': 22.41, 'avg_Saturation': 70.522, 'avg_Value': 133.5571}
