kmeans1\10\Pineapple (01).jpg: {'Bow': [2, 5, 9, 3, 5, 8, 5, 17, 9, 22, 1, 6, 5, 3, 4, 9, 6, 6, 4, 3, 1, 5, 10, 3, 4, 1, 14, 1, 4, 4], 'avg_Hue': 21.4717, 'avg_Saturation': 69.0253, 'avg_Value': 135.1232}
kmeans1\10\Pineapple (02).jpg: {'Bow': [2, 2, 8, 3, 6, 6, 5, 17, 10, 9, 4, 7, 2, 3, 6, 3, 10, 9, 4, 2, 0, 12, 14, 3, 7, 11, 10, 2, 2, 4], 'avg_Hue': 20.0725, 'avg_Saturation': 60.2718, 'avg_Value': 134.2364}
kmeans1\10\Pineapple (03).jpg: {'Bow': [4, 4, 6, 1, 5, 3, 1, 15, 6, 15, 2, 7, 2, 4, 5, 12, 17, 8, 3, 2, 4, 8, 11, 5, 4, 7, 6, 1, 5, 13], 'avg_Hue': 20.9056, 'avg_Saturation': 55.1982, 'avg_Value': 132.8906}
kmeans1\10\Pineapple (04).jpg: {'Bow': [4, 3, 3, 4, 4, 9, 7, 21, 11, 17, 4, 2, 1, 5, 6, 8, 7, 6, 2, 3, 1, 8, 11, 3, 6, 3, 8, 0, 5, 5], 'avg_Hue': 21.4149, 'avg_Saturation': 64.8938, 'avg_Value': 137.9794}
kmeans1\10\Pineapple (05).jpg: {'Bow': [5, 1, 6, 1, 4, 14, 8, 14, 5, 17, 3, 7, 1, 4, 11, 5, 6, 5, 6, 3, 3, 6, 9, 4, 4, 9, 7, 1, 4, 8], 'avg_Hue': 22.1423, 'avg_Saturation': 68.0956, 'avg_Value': 132.5761}
kmeans1\10\Pineapple (06).jpg: {'Bow': [8, 4, 4, 1, 6, 1, 8, 20, 7, 19, 7, 3, 3, 1, 6, 1, 0, 9, 0, 5, 7, 7, 2, 2, 12, 2, 5, 0, 2, 5], 'avg_Hue': 20.8797, 'avg_Saturation': 68.8682, 'avg_Value': 153.7751}
kmeans1\10\Pineapple (07).jpg: {'Bow': [5, 2, 14, 10, 8, 4, 3, 12, 10, 12, 4, 4, 5, 6, 9, 6, 4, 6, 4, 4, 2, 2, 2, 6, 3, 5, 5, 2, 1, 5], 'avg_Hue': 20.2221, 'avg_Saturation': 62.9442, 'avg_Value': 155.6754}
kmeans1\10\Pineapple (08).jpg: {'Bow': [1, 1, 9, 5, 6, 4, 4, 14, 12, 13, 3, 8, 7, 2, 5, 6, 6, 3, 3, 1, 5, 1, 10, 3, 4, 3, 2, 0, 5, 5], 'avg_Hue': 19.2495, 'avg_Saturation': 45.8432, 'avg_Value': 151.2689}
kmeans1\10\Pineapple (09).jpg: {'Bow': [1, 6, 16, 4, 6, 4, 7, 12, 6, 20, 5, 9, 9, 6, 3, 5, 2, 5, 2, 4, 8, 5, 2, 2, 6, 4, 7, 1, 7, 6], 'avg_Hue': 20.169, 'avg_Saturation': 52.7584, 'avg_Value': 143.0698}
kmeans1\10\Pineapple (10).jpg: {'Bow': [2, 8, 8, 2, 7, 4, 6, 18, 7, 13, 2, 9, 5, 1, 9, 8, 2, 2, 0, 3, 8, 1, 10, 6, 8, 7, 8, 0, 5, 7], 'avg_Hue': 21.5035, 'avg_Saturation': 49.7216, 'avg_Value': 142.5924}
kmeans1\10\Pineapple (11).jpg: {'Bow': [1, 10, 5, 5, 7, 2, 2, 15, 12, 12, 3, 10, 2, 1, 6, 10, 7, 3, 2, 3, 6, 2, 7, 6, 6, 8, 4, 1, 0, 7], 'avg_Hue': 19.7761, 'avg_Saturation': 56.0705, 'avg_Value': 149.257}
kmeans1\10\Pineapple (12).jpg: {'Bow': [4, 2, 7, 6, 3, 1, 7, 13, 3, 19, 7, 8, 3, 1, 12, 4, 6, 5, 2, 7, 10, 5, 6, 4, 7, 1, 6, 0, 3, 5], 'avg_Hue': 20.2873, 'avg_Saturation': 64.8979, 'avg_Value': 161.6919}
kmeans1\10\Pineapple (13).jpg: {'Bow': [9, 4, 7, 2, 4, 1, 6, 15, 5, 12, 9, 4, 5, 4, 9, 2, 1, 8, 1, 7, 9, 5, 2, 1, 13, 2, 7, 0, 1, 4], 'avg_Hue': 20.7382, 'avg_Saturation': 69.4904, 'avg_Value': 150.5192}
kmeans1\10\Pineapple (14).jpg: {'Bow': [1, 3, 5, 4, 9, 17, 7, 17, 13, 10, 2, 4, 6, 1, 6, 5, 9, 7, 4, 2, 1, 1, 12, 5, 4, 8, 6, 1, 6, 10], 'avg_Hue': 22.1765, 'avg_Saturation': 68.722, 'avg_Value': 131.3366}
kmeans1\10\Pineapple (15).jpg: {'Bow': [1, 5, 7, 10, 11, 7, 5, 9, 13, 13, 3, 4, 3, 2, 4, 6, 10, 7, 2, 1, 1, 4, 9, 2, 4, 3, 7, 2, 3, 5], 'avg_Hue': 22.41, 'avg_Saturation': 70.522, 'avg_Value': 133.5571}
