kmeans1\1\0\Banana (14).jpg: {'Bow': [6, 1, 5, 4, 3, 5, 0, 0, 0, 3, 4, 0, 1, 0, 0, 0, 1, 3, 0, 7, 1, 2, 6, 2, 4, 1, 1, 3, 1, 2], 'avg_Hue': 23.8669, 'avg_Saturation': 83.5061, 'avg_Value': 181.2305}
kmeans1\1\0\Kiwi (01).jpg: {'Bow': [0, 0, 1, 0, 2, 1, 1, 0, 1, 0, 9, 4, 1, 0, 2, 1, 2, 4, 0, 1, 2, 0, 7, 1, 0, 0, 0, 5, 0, 0], 'avg_Hue': 21.8958, 'avg_Saturation': 90.7544, 'avg_Value': 181.327}
kmeans1\1\0\Kiwi (05).jpg: {'Bow': [0, 0, 1, 2, 2, 0, 0, 0, 0, 0, 3, 0, 0, 1, 0, 0, 0, 0, 2, 1, 1, 0, 7, 1, 2, 1, 0, 7, 0, 1], 'avg_Hue': 22.3048, 'avg_Saturation': 87.2922, 'avg_Value': 178.8958}
kmeans1\1\0\Kiwi (11).jpg: {'Bow': [0, 0, 1, 1, 2, 0, 0, 0, 0, 0, 1, 1, 0, 0, 0, 0, 0, 1, 0, 0, 5, 0, 4, 4, 0, 1, 0, 2, 0, 0], 'avg_Hue': 21.2452, 'avg_Saturation': 86.1739, 'avg_Value': 178.5109}
kmeans1\1\0\Kiwi (12).jpg: {'Bow': [0, 0, 1, 2, 3, 0, 3, 1, 0, 0, 5, 1, 0, 0, 0, 2, 0, 0, 0, 0, 1, 0, 6, 2, 0, 1, 0, 6, 0, 0], 'avg_Hue': 20.524, 'avg_Saturation': 86.1067, 'avg_Value': 180.3499}
kmeans1\1\0\Kiwi (13).jpg: {'Bow': [0, 0, 0, 0, 2, 1, 1, 1, 0, 0, 2, 0, 0, 0, 1, 1, 0, 1, 0, 0, 3, 0, 2, 6, 0, 3, 0, 4, 0, 0], 'avg_Hue': 21.7913, 'avg_Saturation': 87.3379, 'avg_Value': 178.8571}
kmeans1\1\0\Lemon (03).jpg: {'Bow': [1, 1, 1, 0, 2, 1, 1, 0, 1, 0, 5, 0, 0, 0, 0, 0, 0, 1, 0, 0, 2, 0, 0, 4, 0, 0, 0, 4, 0, 0], 'avg_Hue': 22.4942, 'avg_Saturation': 94.8393, 'avg_Value': 198.8629}
kmeans1\1\0\Lemon (04).jpg: {'Bow': [0, 0, 0, 0, 2, 0, 0, 0, 1, 0, 4, 0, 0, 0, 0, 1, 0, 2, 0, 1, 3, 0, 5, 3, 0, 0, 0, 8, 0, 0], 'avg_Hue': 24.8004, 'avg_Saturation': 102.4579, 'avg_Value': 192.0835}
kmeans1\1\0\Lemon (05).jpg: {'Bow': [0, 0, 2, 0, 2, 0, 2, 0, 1, 0, 6, 0, 0, 0, 0, 2, 0, 2, 0, 0, 2, 0, 2, 7, 0, 0, 0, 4, 0, 0], 'avg_Hue': 24.6842, 'avg_Saturation': 103.2703, 'avg_Value': 185.2767}
kmeans1\1\0\Lemon (06).jpg: {'Bow': [0, 3, 0, 0, 2, 0, 2, 0, 0, 1, 2, 0, 0, 0, 0, 0, 0, 5, 1, 1, 2, 0, 4, 3, 0, 0, 0, 3, 1, 0], 'avg_Hue': 23.8828, 'avg_Saturation': 103.5506, 'avg_Value': 183.1761}
kmeans1\1\0\Lemon (07).jpg: {'Bow': [1, 1, 2, 0, 5, 0, 0, 0, 0, 0, 2, 0, 0, 0, 0, 0, 0, 3, 0, 1, 3, 0, 1, 0, 0, 0, 0, 7, 1, 0], 'avg_Hue': 22.6082, 'avg_Saturation': 99.5181, 'avg_Value': 190.7021}
kmeans1\1\0\Lemon (08).jpg: {'Bow': [0, 1, 1, 0, 2, 3, 0, 1, 0, 0, 3, 0, 0, 0, 0, 1, 1, 1, 0, 1, 4, 0, 4, 1, 0, 1, 1, 5, 0, 0], 'avg_Hue': 23.5637, 'avg_Saturation': 100.6873, 'avg_Value': 202.6353}
kmeans1\1\0\Lemon (09).jpg: {'Bow': [0, 0, 1, 1, 0, 0, 4, 0, 0, 0, 2, 0, 0, 1, 0, 1, 1, 2, 1, 0, 3, 0, 3, 1, 0, 0, 0, 3, 2, 0], 'avg_Hue': 24.5839, 'avg_Saturation': 105.1339, 'avg_Value': 194.8703}
kmeans1\1\0\Lemon (10).jpg: {'Bow': [1, 0, 1, 0, 2, 0, 3, 0, 2, 0, 3, 0, 0, 0, 1, 0, 0, 1, 0, 0, 5, 0, 2, 2, 1, 1, 0, 3, 2, 2], 'avg_Hue': 23.7345, 'avg_Saturation': 108.8641, 'avg_Value': 188.2738}
kmeans1\1\0\Lemon (11).jpg: {'Bow': [0, 0, 1, 1, 2, 0, 1, 0, 1, 0, 4, 0, 1, 0, 3, 0, 1, 2, 1, 0, 2, 0, 3, 0, 0, 0, 0, 4, 0, 0], 'avg_Hue': 23.2906, 'avg_Saturation': 105.9927, 'avg_Value': 186.7021}
kmeans1\1\0\Lemon (12).jpg: {'Bow': [0, 1, 1, 2, 2, 0, 0, 0, 1, 0, 6, 0, 2, 0, 1, 0, 0, 2, 1, 1, 2, 0, 6, 3, 0, 0, 0, 5, 0, 0], 'avg_Hue': 23.8264, 'avg_Saturation': 100.5817, 'avg_Value': 187.7664}
kmeans1\1\0\Lemon (13).jpg: {'Bow': [1, 1, 1, 1, 1, 0, 0, 0, 1, 1, 5, 0, 0, 0, 0, 0, 0, 0, 2, 2, 1, 0, 7, 3, 3, 2, 0, 5, 0, 2], 'avg_Hue': 24.0301, 'avg_Saturation': 90.8873, 'avg_Value': 197.8765}
kmeans1\1\0\Pear (01).jpg: {'Bow': [2, 1, 0, 0, 1, 0, 0, 3, 0, 0, 7, 0, 0, 0, 1, 0, 2, 2, 0, 1, 2, 1, 3, 1, 1, 0, 0, 3, 1, 1], 'avg_Hue': 22.7718, 'avg_Saturation': 89.9419, 'avg_Value': 184.4557}
kmeans1\1\0\Pear (02).jpg: {'Bow': [1, 0, 2, 0, 0, 0, 0, 0, 0, 1, 1, 0, 0, 0, 0, 1, 0, 3, 0, 2, 6, 0, 2, 1, 0, 0, 1, 5, 0, 0], 'avg_Hue': 25.9569, 'avg_Saturation': 89.9688, 'avg_Value': 188.8179}
kmeans1\1\0\Pear (04).jpg: {'Bow': [0, 0, 0, 0, 0, 0, 0, 0, 0, 0, 3, 0, 0, 0, 0, 1, 0, 1, 0, 0, 2, 0, 1, 2, 0, 0, 0, 10, 0, 0], 'avg_Hue': 26.1531, 'avg_Saturation': 87.2964, 'avg_Value': 191.7598}
kmeans1\1\0\Pear (05).jpg: {'Bow': [0, 0, 0, 0, 1, 0, 0, 0, 0, 0, 3, 0, 0, 2, 0, 0, 0, 0, 0, 0, 7, 0, 2, 1, 0, 0, 0, 8, 0, 1], 'avg_Hue': 26.0034, 'avg_Saturation': 91.5662, 'avg_Value': 188.9684}
kmeans1\1\0\Pear (06).jpg: {'Bow': [0, 0, 2, 0, 1, 0, 0, 2, 0, 1, 9, 0, 1, 0, 0, 0, 3, 1, 0, 1, 1, 0, 3, 1, 0, 0, 1, 6, 0, 0], 'avg_Hue': 25.0962, 'avg_Saturation': 97.0333, 'avg_Value': 178.7919}
kmeans1\1\0\Pear (10).jpg: {'Bow': [0, 1, 2, 1, 1, 0, 1, 0, 1, 0, 5, 0, 0, 0, 1, 0, 0, 1, 0, 2, 7, 1, 3, 0, 0, 0, 0, 2, 1, 0], 'avg_Hue': 25.9421, 'avg_Saturation': 83.8468, 'avg_Value': 181.1406}
kmeans1\1\0\Pear (15).jpg: {'Bow': [2, 0, 3, 0, 3, 2, 0, 0, 0, 0, 9, 0, 0, 0, 0, 0, 1, 0, 0, 1, 3, 1, 2, 1, 1, 0, 1, 7, 0, 0], 'avg_Hue': 23.8977, 'avg_Saturation': 90.8775, 'avg_Value': 186.6955}
