kmeans1\6\0\Mango (01).jpg: {'Bow': [1, 7, 1, 1, 1, 1, 0, 0, 1, 0, 0, 0, 0, 0, 0, 0, 0, 1, 0, 2, 0, 0, 0, 0, 1, 1, 0, 0, 0, 0], 'avg_Hue': 47.6004, 'avg_Saturation': 50.4493, 'avg_Value': 155.3117}
kmeans1\6\0\Mango (02).jpg: {'Bow': [1, 5, 0, 0, 1, 0, 0, 0, 1, 0, 0, 0, 0, 0, 2, 0, 2, 1, 0, 4, 0, 0, 0, 2, 0, 0, 0, 0, 1, 0], 'avg_Hue': 50.3849, 'avg_Saturation': 51.932, 'avg_Value': 139.5398}
kmeans1\6\0\Mango (03).jpg: {'Bow': [0, 7, 1, 0, 0, 0, 1, 1, 0, 0, 0, 0, 0, 0, 0, 0, 0, 0, 0, 6, 0, 0, 0, 0, 0, 0, 0, 0, 0, 0], 'avg_Hue': 48.3115, 'avg_Saturation': 49.6596, 'avg_Value': 151.5994}
kmeans1\6\0\Mango (04).jpg: {'Bow': [0, 11, 2, 0, 0, 1, 1, 1, 0, 0, 1, 0, 1, 0, 0, 0, 0, 0, 0, 7, 1, 0, 0, 0, 0, 0, 0, 0, 0, 0], 'avg_Hue': 47.9584, 'avg_Saturation': 52.0468, 'avg_Value': 153.1518}
kmeans1\6\0\Mango (05).jpg: {'Bow': [1, 8, 0, 0, 0, 0, 0, 1, 0, 0, 1, 0, 0, 1, 0, 1, 0, 0, 0, 4, 0, 0, 0, 1, 0, 0, 0, 0, 1, 1], 'avg_Hue': 47.3758, 'avg_Saturation': 50.1848, 'avg_Value': 158.667}
kmeans1\6\0\Mango (06).jpg: {'Bow': [0, 4, 1, 0, 0, 2, 2, 1, 0, 0, 1, 0, 0, 0, 0, 0, 0, 0, 0, 7, 0, 0, 0, 0, 0, 0, 0, 0, 0, 0], 'avg_Hue': 46.7101, 'avg_Saturation': 56.7451, 'avg_Value': 146.9049}
kmeans1\6\0\Mango (07).jpg: {'Bow': [0, 15, 2, 0, 0, 1, 1, 1, 0, 0, 0, 0, 0, 0, 0, 0, 1, 0, 0, 4, 0, 0, 0, 0, 0, 0, 0, 0, 0, 0], 'avg_Hue': 49.5899, 'avg_Saturation': 56.52, 'avg_Value': 150.1912}
kmeans1\6\0\Mango (08).jpg: {'Bow': [0, 12, 0, 0, 0, 0, 1, 1, 0, 0, 1, 0, 0, 0, 0, 0, 0, 0, 0, 5, 0, 0, 0, 0, 0, 0, 0, 0, 0, 0], 'avg_Hue': 47.896, 'avg_Saturation': 47.2942, 'avg_Value': 156.9036}
kmeans1\6\0\Mango (09).jpg: {'Bow': [2, 5, 0, 1, 2, 2, 0, 0, 1, 0, 0, 0, 0, 0, 2, 0, 1, 1, 0, 1, 0, 0, 0, 2, 0, 1, 0, 0, 1, 0], 'avg_Hue': 50.2215, 'avg_Saturation': 51.7557, 'avg_Value': 139.6457}
kmeans1\6\0\Mango (10).jpg: {'Bow': [1, 11, 2, 0, 1, 4, 0, 0, 1, 0, 0, 0, 0, 0, 2, 0, 0, 2, 0, 7, 0, 0, 0, 1, 1, 0, 0, 0, 0, 0], 'avg_Hue': 46.2404, 'avg_Saturation': 46.0185, 'avg_Value': 162.7614}
kmeans1\6\0\Mango (11).jpg: {'Bow': [1, 9, 2, 1, 1, 2, 0, 0, 1, 0, 0, 3, 1, 0, 0, 0, 0, 0, 0, 5, 0, 0, 1, 1, 1, 0, 1, 0, 1, 0], 'avg_Hue': 42.9927, 'avg_Saturation': 55.964, 'avg_Value': 150.0746}
kmeans1\6\0\Mango (12).jpg: {'Bow': [1, 5, 0, 1, 1, 1, 0, 0, 0, 0, 0, 0, 0, 1, 0, 0, 1, 0, 1, 3, 0, 0, 1, 1, 1, 0, 1, 1, 0, 2], 'avg_Hue': 43.2095, 'avg_Saturation': 57.327, 'avg_Value': 148.1571}
kmeans1\6\0\Mango (13).jpg: {'Bow': [1, 8, 1, 1, 1, 0, 1, 0, 1, 0, 0, 0, 3, 0, 0, 2, 1, 0, 1, 5, 0, 0, 2, 1, 0, 1, 0, 0, 0, 1], 'avg_Hue': 41.8139, 'avg_Saturation': 52.9671, 'avg_Value': 150.4392}
kmeans1\6\0\Mango (14).jpg: {'Bow': [1, 7, 0, 0, 0, 2, 1, 0, 2, 1, 0, 1, 3, 0, 0, 0, 1, 0, 0, 2, 2, 1, 1, 0, 0, 0, 1, 1, 0, 0], 'avg_Hue': 41.9278, 'avg_Saturation': 51.4223, 'avg_Value': 145.9775}
kmeans1\6\0\Mango (15).jpg: {'Bow': [0, 8, 0, 0, 0, 1, 0, 0, 0, 1, 0, 1, 1, 0, 0, 0, 1, 0, 0, 7, 0, 1, 0, 0, 1, 0, 0, 0, 0, 0], 'avg_Hue': 42.4412, 'avg_Saturation': 52.7735, 'avg_Value': 141.4418}
