kmeans3\0\Pineapple (01).jpg: {'Bow': [4, 6, 8, 5, 11, 9, 4, 4, 4, 4, 6, 3, 11, 14, 10, 6, 12, 5, 5, 8, 4, 6, 2, 2, 0, 6, 3, 1, 10, 6], 'avg_Hue': 17.452756996397895, 'avg_Saturation': 94.17562182217947, 'avg_Value': 91.65303610503283}
kmeans3\0\Pineapple (02).jpg: {'Bow': [4, 9, 10, 14, 2, 5, 1, 7, 5, 2, 7, 3, 7, 4, 8, 4, 10, 2, 6, 4, 6, 5, 5, 3, 10, 8, 3, 4, 15, 10], 'avg_Hue': 17.971772519717724, 'avg_Saturation': 82.11663690067317, 'avg_Value': 90.47573479152426}
kmeans3\0\Pineapple (03).jpg: {'Bow': [3, 9, 9, 13, 4, 9, 2, 5, 12, 5, 6, 4, 9, 9, 4, 3, 7, 3, 7, 5, 6, 3, 9, 2, 7, 13, 3, 2, 11, 3], 'avg_Hue': 19.957918050941306, 'avg_Saturation': 75.11076079506512, 'avg_Value': 89.20136239782016}
kmeans3\0\Pineapple (04).jpg: {'Bow': [2, 6, 13, 7, 7, 9, 5, 7, 6, 4, 1, 3, 7, 11, 7, 1, 11, 3, 1, 4, 3, 8, 11, 2, 2, 8, 1, 5, 14, 8], 'avg_Hue': 17.20629811056683, 'avg_Saturation': 89.32661570535093, 'avg_Value': 93.92400165814564}
kmeans3\0\Pineapple (05).jpg: {'Bow': [5, 5, 7, 7, 8, 6, 3, 4, 7, 4, 6, 4, 9, 9, 3, 1, 12, 0, 3, 9, 3, 9, 6, 3, 9, 14, 7, 4, 8, 5], 'avg_Hue': 15.962563191692855, 'avg_Saturation': 91.32980456026058, 'avg_Value': 90.09768950141873}
kmeans3\0\Pineapple (06).jpg: {'Bow': [0, 12, 14, 4, 6, 1, 8, 13, 4, 2, 3, 2, 10, 9, 5, 5, 7, 4, 5, 6, 7, 6, 1, 4, 2, 1, 5, 5, 1, 4], 'avg_Hue': 17.205634987384357, 'avg_Saturation': 95.48987571568216, 'avg_Value': 115.09699415530197}
kmeans3\0\Pineapple (07).jpg: {'Bow': [4, 7, 7, 2, 7, 7, 4, 7, 2, 1, 4, 7, 9, 8, 2, 5, 8, 5, 11, 8, 8, 4, 3, 7, 4, 6, 2, 3, 5, 8], 'avg_Hue': 16.49299855142443, 'avg_Saturation': 99.52084669660039, 'avg_Value': 98.37509912767645}
kmeans3\0\Pineapple (08).jpg: {'Bow': [3, 4, 10, 1, 5, 7, 0, 5, 4, 6, 8, 2, 7, 10, 2, 6, 7, 6, 6, 3, 4, 4, 1, 3, 4, 3, 2, 2, 11, 15], 'avg_Hue': 18.23649876135425, 'avg_Saturation': 74.57119395631467, 'avg_Value': 87.49569875020289}
kmeans3\0\Pineapple (09).jpg: {'Bow': [1, 5, 12, 4, 2, 4, 3, 7, 6, 7, 9, 2, 15, 12, 5, 8, 7, 9, 5, 4, 6, 9, 3, 4, 5, 3, 7, 5, 3, 7], 'avg_Hue': 17.873744831659774, 'avg_Saturation': 76.80983125458548, 'avg_Value': 92.03894012589664}
kmeans3\0\Pineapple (10).jpg: {'Bow': [1, 2, 14, 3, 6, 7, 2, 10, 6, 4, 8, 5, 8, 7, 2, 5, 8, 8, 6, 9, 3, 6, 5, 1, 7, 4, 8, 3, 12, 5], 'avg_Hue': 20.044862079418007, 'avg_Saturation': 74.58755098957546, 'avg_Value': 87.74080717488789}
kmeans3\0\Pineapple (11).jpg: {'Bow': [2, 5, 7, 2, 6, 8, 4, 8, 5, 0, 11, 6, 4, 11, 1, 2, 11, 11, 5, 6, 3, 1, 7, 1, 7, 5, 8, 3, 8, 8], 'avg_Hue': 16.699143129165343, 'avg_Saturation': 87.63039014373716, 'avg_Value': 89.40490411820183}
kmeans3\0\Pineapple (12).jpg: {'Bow': [3, 7, 10, 4, 4, 3, 6, 8, 4, 2, 8, 4, 12, 6, 6, 4, 8, 6, 5, 11, 2, 7, 8, 1, 2, 1, 5, 8, 8, 3], 'avg_Hue': 13.891209476309227, 'avg_Saturation': 99.91836417353444, 'avg_Value': 110.91244954982925}
kmeans3\0\Pineapple (13).jpg: {'Bow': [2, 11, 12, 3, 7, 0, 7, 14, 3, 3, 3, 1, 8, 9, 6, 4, 7, 5, 5, 9, 5, 5, 3, 6, 1, 1, 7, 7, 2, 5], 'avg_Hue': 16.797282459511393, 'avg_Saturation': 94.28694463431306, 'avg_Value': 113.78955244184465}
kmeans3\0\Pineapple (14).jpg: {'Bow': [4, 8, 11, 3, 9, 6, 2, 6, 9, 6, 4, 5, 2, 7, 2, 5, 10, 1, 4, 6, 10, 7, 5, 2, 8, 14, 6, 1, 12, 11], 'avg_Hue': 17.35176422874138, 'avg_Saturation': 91.45416666666667, 'avg_Value': 89.93649517684888}
kmeans3\0\Pineapple (15).jpg: {'Bow': [2, 8, 4, 5, 7, 8, 3, 6, 3, 3, 4, 2, 6, 8, 6, 2, 12, 2, 5, 4, 7, 5, 6, 2, 3, 7, 6, 3, 15, 8], 'avg_Hue': 18.25261276127613, 'avg_Saturation': 95.27175989085949, 'avg_Value': 91.04429093864283}
