kmeans1\4\Plum (01).jpg: {'Bow': [1, 1, 1, 0, 1, 2, 6, 0, 2, 1, 2, 2, 2, 2, 0, 1, 3, 2, 0, 0, 2, 5, 0, 1, 11, 0, 1, 1, 4, 2], 'avg_Hue': 92.0189, 'avg_Saturation': 88.5151, 'avg_Value': 97.2708}
kmeans1\4\Plum (02).jpg: {'Bow': [1, 2, 0, 2, 1, 0, 6, 0, 3, 1, 2, 3, 2, 2, 2, 2, 2, 3, 0, 0, 5, 2, 2, 1, 8, 1, 1, 1, 2, 1], 'avg_Hue': 84.403, 'avg_Saturation': 101.2056, 'avg_Value': 105.8449}
kmeans1\4\Plum (03).jpg: {'Bow': [1, 2, 0, 3, 2, 1, 10, 1, 0, 0, 2, 0, 0, 2, 3, 6, 2, 4, 2, 2, 3, 1, 3, 1, 11, 4, 4, 3, 2, 4], 'avg_Hue': 105.6969, 'avg_Saturation': 67.8693, 'avg_Value': 108.9568}
kmeans1\4\Plum (04).jpg: {'Bow': [1, 2, 3, 0, 2, 2, 10, 2, 1, 3, 3, 0, 0, 3, 0, 3, 1, 1, 0, 3, 1, 2, 1, 6, 13, 1, 0, 0, 1, 0], 'avg_Hue': 106.2176, 'avg_Saturation': 77.8703, 'avg_Value': 113.7005}
kmeans1\4\Plum (05).jpg: {'Bow': [1, 3, 2, 1, 0, 2, 9, 1, 2, 3, 2, 0, 1, 1, 0, 1, 1, 1, 0, 1, 1, 2, 0, 1, 8, 0, 4, 0, 0, 1], 'avg_Hue': 105.6854, 'avg_Saturation': 100.8237, 'avg_Value': 107.7035}
kmeans1\4\Plum (06).jpg: {'Bow': [0, 1, 0, 0, 0, 0, 5, 0, 0, 2, 1, 1, 0, 0, 0, 0, 1, 0, 0, 0, 0, 4, 0, 0, 14, 0, 1, 0, 1, 2], 'avg_Hue': 96.0166, 'avg_Saturation': 107.512, 'avg_Value': 115.4962}
kmeans1\4\Plum (07).jpg: {'Bow': [0, 1, 0, 0, 0, 1, 14, 0, 0, 3, 2, 0, 0, 0, 0, 1, 0, 0, 1, 0, 1, 3, 0, 0, 11, 1, 1, 1, 0, 1], 'avg_Hue': 98.6411, 'avg_Saturation': 112.489, 'avg_Value': 114.7314}
kmeans1\4\Plum (08).jpg: {'Bow': [1, 1, 0, 4, 1, 0, 16, 1, 1, 1, 1, 3, 0, 1, 0, 1, 1, 0, 0, 0, 2, 1, 0, 1, 12, 1, 1, 0, 1, 1], 'avg_Hue': 92.1546, 'avg_Saturation': 103.478, 'avg_Value': 114.2831}
kmeans1\4\Plum (09).jpg: {'Bow': [1, 1, 1, 1, 2, 0, 16, 1, 2, 1, 2, 0, 0, 1, 1, 0, 1, 1, 0, 2, 2, 3, 1, 1, 12, 3, 1, 0, 1, 4], 'avg_Hue': 82.0515, 'avg_Saturation': 111.656, 'avg_Value': 115.7684}
kmeans1\4\Plum (10).jpg: {'Bow': [1, 1, 0, 0, 2, 2, 8, 2, 0, 3, 1, 3, 2, 0, 0, 0, 0, 2, 1, 0, 2, 2, 1, 0, 9, 0, 1, 1, 1, 1], 'avg_Hue': 92.3591, 'avg_Saturation': 111.5457, 'avg_Value': 102.5355}
kmeans1\4\Plum (11).jpg: {'Bow': [0, 3, 3, 0, 1, 0, 4, 2, 1, 2, 2, 1, 2, 1, 0, 2, 3, 4, 2, 3, 0, 1, 3, 0, 4, 2, 2, 0, 3, 1], 'avg_Hue': 92.4751, 'avg_Saturation': 95.7191, 'avg_Value': 105.7998}
kmeans1\4\Plum (12).jpg: {'Bow': [3, 4, 2, 2, 0, 4, 5, 2, 3, 2, 0, 1, 3, 4, 3, 1, 1, 0, 3, 4, 1, 0, 5, 1, 7, 3, 1, 0, 2, 2], 'avg_Hue': 87.7191, 'avg_Saturation': 88.2133, 'avg_Value': 108.8495}
kmeans1\4\Plum (13).jpg: {'Bow': [0, 2, 3, 2, 1, 1, 6, 4, 2, 1, 2, 5, 1, 2, 0, 5, 1, 0, 3, 3, 1, 2, 1, 5, 10, 0, 5, 0, 3, 4], 'avg_Hue': 92.3108, 'avg_Saturation': 81.1625, 'avg_Value': 109.746}
kmeans1\4\Plum (14).jpg: {'Bow': [2, 3, 3, 1, 2, 2, 7, 2, 1, 0, 4, 2, 0, 2, 3, 1, 2, 3, 1, 3, 0, 2, 2, 1, 10, 2, 4, 5, 1, 7], 'avg_Hue': 94.7816, 'avg_Saturation': 80.7091, 'avg_Value': 96.3601}
kmeans1\4\Plum (15).jpg: {'Bow': [0, 0, 0, 1, 1, 5, 6, 0, 1, 2, 1, 2, 1, 2, 1, 2, 3, 2, 0, 0, 2, 5, 1, 2, 10, 0, 3, 2, 1, 3], 'avg_Hue': 100.2481, 'avg_Saturation': 85.9992, 'avg_Value': 92.6223}
