7.422933333333332939e+01 1.532813333333334072e+01 1.654357533333333379e+02
2.399286785714286196e+01 9.765680714285713293e+01 1.913964357142857011e+02
9.485195999999999117e+01 9.431785999999999603e+01 1.073112533333333403e+02
2.026515333333333047e+01 1.722395333333333269e+02 1.739097133333333431e+02
2.174945769230768988e+01 6.993094230769230535e+01 1.958787115384615447e+02
4.678221935483870908e+01 5.565061290322580589e+01 1.551128354838709811e+02
3.978848500000000143e+01 1.275852849999999989e+02 1.006304850000000073e+02
2.744935714285714212e+01 2.631848571428572825e+01 1.797788428571428483e+02
1.748029500000000169e+01 5.349525499999999312e+01 2.224780250000000024e+02
2.203905925925926113e+01 6.983020370370370244e+01 1.441453925925926001e+02
2.175761428571428624e+01 9.681638571428571538e+01 1.643793571428571454e+02
