kmeans1\8\0\Avocado (01).jpg: {'Bow': [5, 0, 0, 0, 0, 0, 0, 0, 0, 1, 2, 0, 0, 2, 0, 0, 0, 0, 0, 0, 0, 0, 0, 0, 0, 0, 0, 0, 0, 5], 'avg_Hue': 20.8068, 'avg_Saturation': 80.2229, 'avg_Value': 154.0876}
kmeans1\8\0\Avocado (02).jpg: {'Bow': [6, 0, 0, 0, 0, 0, 1, 0, 0, 2, 2, 0, 0, 4, 0, 0, 0, 2, 1, 0, 0, 0, 0, 0, 0, 0, 0, 0, 0, 2], 'avg_Hue': 21.2552, 'avg_Saturation': 84.1484, 'avg_Value': 147.4488}
kmeans1\8\0\Avocado (03).jpg: {'Bow': [9, 1, 2, 0, 0, 0, 1, 0, 0, 1, 3, 0, 0, 2, 0, 0, 0, 4, 2, 0, 0, 0, 0, 0, 0, 0, 0, 0, 0, 6], 'avg_Hue': 21.2388, 'avg_Saturation': 79.8446, 'avg_Value': 143.0017}
kmeans1\8\0\Avocado (04).jpg: {'Bow': [8, 1, 2, 0, 0, 0, 1, 0, 0, 0, 1, 0, 0, 3, 0, 0, 0, 4, 0, 0, 0, 0, 0, 0, 0, 0, 0, 0, 1, 7], 'avg_Hue': 21.7633, 'avg_Saturation': 77.0261, 'avg_Value': 143.1767}
kmeans1\8\0\Avocado (05).jpg: {'Bow': [10, 0, 2, 0, 0, 0, 1, 0, 0, 2, 1, 0, 0, 1, 0, 0, 0, 2, 0, 0, 0, 0, 0, 0, 1, 2, 0, 0, 0, 5], 'avg_Hue': 22.6615, 'avg_Saturation': 72.3086, 'avg_Value': 150.7136}
kmeans1\8\0\Avocado (06).jpg: {'Bow': [9, 1, 1, 1, 0, 2, 1, 2, 0, 0, 0, 0, 0, 1, 0, 0, 0, 0, 5, 0, 0, 0, 1, 0, 0, 1, 0, 0, 0, 14], 'avg_Hue': 21.9865, 'avg_Saturation': 73.9986, 'avg_Value': 158.2611}
kmeans1\8\0\Avocado (07).jpg: {'Bow': [7, 3, 4, 0, 0, 0, 0, 0, 0, 1, 4, 2, 0, 3, 0, 0, 0, 6, 7, 0, 0, 0, 0, 0, 0, 0, 0, 1, 3, 1], 'avg_Hue': 28.4356, 'avg_Saturation': 107.7157, 'avg_Value': 102.1632}
kmeans1\8\0\Avocado (08).jpg: {'Bow': [8, 0, 5, 0, 1, 0, 0, 0, 0, 0, 1, 1, 0, 2, 0, 0, 0, 6, 7, 0, 0, 0, 3, 0, 2, 1, 0, 0, 1, 2], 'avg_Hue': 30.0504, 'avg_Saturation': 109.3078, 'avg_Value': 97.5562}
kmeans1\8\0\Avocado (09).jpg: {'Bow': [5, 4, 3, 3, 1, 0, 0, 0, 0, 1, 5, 1, 0, 4, 0, 0, 0, 4, 5, 0, 0, 0, 2, 0, 1, 1, 0, 0, 0, 5], 'avg_Hue': 28.278, 'avg_Saturation': 105.1129, 'avg_Value': 107.8418}
kmeans1\8\0\Avocado (10).jpg: {'Bow': [4, 1, 2, 0, 0, 0, 0, 0, 1, 0, 2, 0, 0, 1, 1, 0, 0, 1, 4, 0, 0, 0, 2, 0, 0, 0, 0, 2, 0, 6], 'avg_Hue': 22.8882, 'avg_Saturation': 80.2608, 'avg_Value': 153.1176}
kmeans1\8\0\Avocado (11).jpg: {'Bow': [8, 0, 1, 0, 0, 1, 0, 1, 2, 1, 4, 1, 0, 2, 1, 0, 1, 7, 0, 0, 0, 0, 0, 0, 0, 2, 0, 0, 0, 5], 'avg_Hue': 23.2014, 'avg_Saturation': 87.9381, 'avg_Value': 142.6952}
kmeans1\8\0\Avocado (12).jpg: {'Bow': [4, 1, 6, 0, 0, 0, 0, 1, 0, 2, 2, 2, 0, 2, 1, 0, 0, 12, 3, 0, 3, 0, 2, 0, 0, 3, 2, 0, 2, 0], 'avg_Hue': 30.6576, 'avg_Saturation': 103.4802, 'avg_Value': 105.4867}
kmeans1\8\0\Cherry (01).jpg: {'Bow': [1, 0, 4, 0, 3, 1, 0, 4, 0, 1, 0, 3, 2, 0, 0, 1, 4, 6, 0, 6, 0, 1, 0, 3, 0, 1, 0, 0, 0, 2], 'avg_Hue': 38.6921, 'avg_Saturation': 111.6933, 'avg_Value': 106.9133}
kmeans1\8\0\Cherry (07).jpg: {'Bow': [4, 0, 3, 0, 2, 0, 0, 2, 0, 1, 0, 3, 6, 1, 1, 1, 2, 3, 0, 4, 0, 1, 0, 0, 0, 0, 0, 0, 0, 0], 'avg_Hue': 35.3936, 'avg_Saturation': 117.5987, 'avg_Value': 99.7053}
