kmeans\8\1\Kiwi (02).jpg: {'Bow': [0, 7, 0, 2, 0, 5, 0, 0, 0, 1, 0, 0, 0, 0, 1, 0, 0, 8, 0, 0, 0, 1, 0, 0, 9, 2, 3, 3, 1, 1], 'avg_Hue': 16.21750775303073, 'avg_Saturation': 142.97307583873697, 'avg_Value': 137.13460183227625}
kmeans\8\1\Kiwi (03).jpg: {'Bow': [0, 2, 0, 2, 0, 6, 0, 1, 0, 4, 1, 0, 0, 0, 2, 0, 0, 9, 0, 0, 2, 0, 0, 0, 3, 4, 1, 6, 1, 2], 'avg_Hue': 15.672243040685224, 'avg_Saturation': 143.1230933904201, 'avg_Value': 133.86994915707788}
kmeans\8\1\Kiwi (04).jpg: {'Bow': [1, 2, 1, 2, 0, 8, 0, 1, 0, 0, 3, 1, 1, 0, 0, 0, 0, 15, 0, 0, 1, 1, 1, 1, 4, 0, 0, 7, 1, 0], 'avg_Hue': 14.865357244520354, 'avg_Saturation': 152.51779106177057, 'avg_Value': 117.49950192116124}
kmeans\8\1\Kiwi (07).jpg: {'Bow': [0, 0, 1, 0, 0, 6, 3, 1, 0, 0, 5, 1, 3, 2, 1, 2, 0, 9, 2, 0, 0, 2, 2, 2, 3, 0, 3, 5, 1, 2], 'avg_Hue': 15.998664708238751, 'avg_Saturation': 129.5092802777407, 'avg_Value': 132.5070761014686}
kmeans\8\1\Kiwi (08).jpg: {'Bow': [0, 2, 1, 0, 1, 6, 2, 0, 4, 1, 0, 2, 0, 1, 2, 0, 1, 6, 1, 2, 1, 1, 2, 0, 3, 3, 3, 7, 1, 0], 'avg_Hue': 15.561006289308176, 'avg_Saturation': 129.87519217330538, 'avg_Value': 130.76869322152342}
kmeans\8\1\Kiwi (14).jpg: {'Bow': [0, 2, 1, 1, 2, 5, 3, 0, 1, 2, 1, 2, 1, 2, 2, 2, 0, 6, 1, 0, 2, 0, 1, 1, 5, 0, 1, 9, 0, 0], 'avg_Hue': 15.7990784697012, 'avg_Saturation': 122.50934970694948, 'avg_Value': 129.12601172202065}
kmeans\8\1\Kiwi (15).jpg: {'Bow': [2, 3, 1, 1, 1, 3, 1, 0, 1, 2, 1, 0, 0, 3, 1, 1, 1, 4, 1, 1, 0, 2, 2, 0, 4, 1, 1, 3, 1, 0], 'avg_Hue': 15.387405687753917, 'avg_Saturation': 135.531340684852, 'avg_Value': 124.3756345177665}
kmeans\8\1\Pear (11).jpg: {'Bow': [0, 2, 0, 1, 0, 7, 2, 0, 2, 0, 1, 0, 1, 1, 0, 0, 0, 7, 0, 1, 0, 1, 0, 0, 4, 0, 2, 5, 0, 0], 'avg_Hue': 26.865702479338843, 'avg_Saturation': 145.1435261707989, 'avg_Value': 115.55093612334802}
kmeans\8\1\Pear (12).jpg: {'Bow': [2, 3, 1, 0, 1, 2, 3, 1, 1, 1, 0, 0, 2, 0, 0, 0, 1, 5, 1, 0, 1, 1, 0, 0, 7, 1, 6, 3, 0, 1], 'avg_Hue': 25.732106339468302, 'avg_Saturation': 141.05470347648262, 'avg_Value': 118.76327885597549}
kmeans\8\1\Potato (09).jpg: {'Bow': [0, 1, 1, 0, 0, 1, 0, 0, 0, 4, 0, 1, 0, 0, 0, 0, 1, 8, 0, 0, 1, 0, 0, 0, 5, 0, 0, 1, 1, 0], 'avg_Hue': 20.041572717023676, 'avg_Saturation': 115.26701423136537, 'avg_Value': 115.42505277973258}
