kmeans1\5\0\Eggplant (09).jpg: {'Bow': [0, 5, 0, 0, 0, 0, 0, 0, 0, 2, 0, 0, 0, 0, 0, 0, 0, 0, 0, 1, 0, 0, 1, 0, 0, 0, 0, 0, 0, 1], 'avg_Hue': 48.8678, 'avg_Saturation': 39.1767, 'avg_Value': 123.3794}
kmeans1\5\0\Mango (02).jpg: {'Bow': [0, 5, 0, 0, 0, 0, 2, 2, 0, 4, 1, 1, 0, 0, 0, 1, 0, 0, 1, 1, 1, 0, 0, 0, 1, 0, 0, 0, 0, 0], 'avg_Hue': 50.3849, 'avg_Saturation': 51.932, 'avg_Value': 139.5398}
kmeans1\5\0\Mango (03).jpg: {'Bow': [0, 7, 0, 0, 0, 0, 0, 0, 0, 6, 0, 0, 0, 0, 0, 1, 0, 0, 0, 1, 0, 0, 0, 0, 0, 0, 0, 0, 0, 1], 'avg_Hue': 48.3115, 'avg_Saturation': 49.6596, 'avg_Value': 151.5994}
kmeans1\5\0\Mango (04).jpg: {'Bow': [2, 11, 0, 0, 0, 0, 0, 0, 0, 9, 0, 0, 0, 0, 0, 2, 0, 0, 1, 0, 0, 0, 0, 0, 0, 0, 0, 0, 0, 1], 'avg_Hue': 47.9584, 'avg_Saturation': 52.0468, 'avg_Value': 153.1518}
kmeans1\5\0\Mango (06).jpg: {'Bow': [0, 4, 0, 0, 0, 0, 0, 0, 0, 9, 0, 0, 0, 0, 0, 2, 0, 0, 0, 2, 0, 0, 0, 0, 0, 0, 0, 0, 0, 1], 'avg_Hue': 46.7101, 'avg_Saturation': 56.7451, 'avg_Value': 146.9049}
kmeans1\5\0\Mango (07).jpg: {'Bow': [0, 15, 0, 0, 0, 0, 0, 0, 0, 5, 1, 0, 0, 0, 0, 1, 0, 0, 0, 2, 0, 0, 0, 0, 0, 0, 0, 0, 0, 1], 'avg_Hue': 49.5899, 'avg_Saturation': 56.52, 'avg_Value': 150.1912}
kmeans1\5\0\Mango (09).jpg: {'Bow': [0, 5, 0, 0, 0, 0, 2, 3, 0, 3, 1, 0, 0, 0, 0, 1, 0, 0, 2, 1, 1, 1, 0, 0, 2, 0, 0, 0, 0, 0], 'avg_Hue': 50.2215, 'avg_Saturation': 51.7557, 'avg_Value': 139.6457}
kmeans1\5\0\Mango (11).jpg: {'Bow': [0, 9, 0, 0, 0, 0, 1, 0, 0, 8, 1, 0, 0, 0, 1, 2, 0, 1, 1, 1, 1, 1, 0, 3, 1, 0, 0, 0, 0, 0], 'avg_Hue': 42.9927, 'avg_Saturation': 55.964, 'avg_Value': 150.0746}
kmeans1\5\0\Mango (12).jpg: {'Bow': [0, 5, 0, 0, 0, 0, 1, 1, 0, 4, 1, 0, 0, 0, 1, 1, 1, 0, 1, 1, 0, 1, 1, 1, 1, 0, 0, 0, 1, 0], 'avg_Hue': 43.2095, 'avg_Saturation': 57.327, 'avg_Value': 148.1571}
kmeans1\5\0\Mango (13).jpg: {'Bow': [0, 8, 0, 0, 1, 1, 1, 1, 0, 6, 2, 0, 0, 0, 1, 4, 0, 1, 1, 1, 1, 1, 0, 0, 1, 0, 0, 0, 0, 0], 'avg_Hue': 41.8139, 'avg_Saturation': 52.9671, 'avg_Value': 150.4392}
kmeans1\5\0\Mango (14).jpg: {'Bow': [0, 7, 1, 0, 0, 0, 0, 0, 0, 3, 1, 1, 0, 0, 1, 4, 0, 0, 0, 1, 0, 0, 1, 2, 1, 0, 1, 0, 3, 0], 'avg_Hue': 41.9278, 'avg_Saturation': 51.4223, 'avg_Value': 145.9775}
kmeans1\5\0\Mango (15).jpg: {'Bow': [0, 8, 0, 0, 0, 1, 0, 0, 0, 8, 1, 1, 0, 0, 0, 1, 1, 0, 0, 1, 0, 0, 0, 0, 0, 0, 0, 0, 0, 0], 'avg_Hue': 42.4412, 'avg_Saturation': 52.7735, 'avg_Value': 141.4418}
kmeans1\5\0\Watermelon (12).jpg: {'Bow': [6, 5, 2, 6, 4, 11, 2, 2, 11, 24, 2, 8, 11, 5, 7, 1, 9, 10, 1, 1, 7, 3, 8, 9, 1, 6, 8, 7, 6, 4], 'avg_Hue': 48.0303, 'avg_Saturation': 67.5108, 'avg_Value': 151.268}
kmeans1\5\0\Watermelon (13).jpg: {'Bow': [7, 6, 11, 6, 11, 5, 1, 0, 9, 18, 7, 9, 3, 10, 11, 2, 9, 9, 1, 1, 4, 0, 8, 6, 1, 10, 6, 6, 7, 3], 'avg_Hue': 47.3077, 'avg_Saturation': 70.4124, 'avg_Value': 147.3133}
