kmeans\2\0\Lemon (03).jpg: {'Bow': [3, 0, 1, 1, 0, 0, 1, 1, 1, 5, 0, 0, 0, 2, 0, 0, 1, 2, 0, 4, 1, 0, 0, 0, 0, 0, 0, 0, 1, 1], 'avg_Hue': 19.768469154607768, 'avg_Saturation': 143.99177581480353, 'avg_Value': 170.59516570386137}
kmeans\2\0\Lemon (04).jpg: {'Bow': [3, 0, 1, 0, 0, 1, 2, 1, 1, 6, 0, 0, 0, 4, 0, 0, 0, 3, 0, 5, 0, 0, 0, 1, 0, 0, 0, 0, 1, 0], 'avg_Hue': 20.035999439697438, 'avg_Saturation': 142.8705388383485, 'avg_Value': 167.98183850237496}
kmeans\2\0\Lemon (05).jpg: {'Bow': [3, 0, 0, 2, 0, 2, 2, 0, 1, 4, 0, 0, 0, 0, 0, 0, 0, 2, 0, 10, 0, 0, 0, 1, 0, 0, 1, 0, 0, 2], 'avg_Hue': 19.566357615894038, 'avg_Saturation': 136.34220280646016, 'avg_Value': 163.67741509184617}
kmeans\2\0\Lemon (06).jpg: {'Bow': [2, 0, 2, 0, 0, 2, 5, 2, 0, 1, 0, 1, 0, 3, 0, 0, 0, 0, 0, 4, 3, 1, 0, 0, 0, 0, 0, 1, 1, 2], 'avg_Hue': 19.73740579135264, 'avg_Saturation': 136.5171228348539, 'avg_Value': 161.21207328324766}
kmeans\2\0\Lemon (07).jpg: {'Bow': [2, 0, 1, 0, 0, 2, 2, 2, 0, 7, 0, 0, 0, 1, 0, 0, 0, 5, 0, 1, 1, 0, 0, 0, 1, 0, 0, 0, 1, 0], 'avg_Hue': 20.05137666761283, 'avg_Saturation': 140.85043280828722, 'avg_Value': 164.83321544772951}
kmeans\2\0\Lemon (08).jpg: {'Bow': [5, 1, 0, 0, 0, 1, 1, 1, 0, 5, 0, 1, 1, 4, 0, 1, 0, 3, 0, 1, 1, 0, 0, 1, 0, 0, 0, 0, 1, 0], 'avg_Hue': 21.171002069169376, 'avg_Saturation': 148.31969271679716, 'avg_Value': 178.65379513633013}
kmeans\2\0\Lemon (09).jpg: {'Bow': [2, 1, 0, 2, 0, 3, 1, 1, 0, 3, 1, 0, 0, 0, 0, 0, 0, 0, 0, 4, 0, 1, 2, 1, 1, 0, 0, 0, 0, 3], 'avg_Hue': 20.70181421361342, 'avg_Saturation': 142.90456714383095, 'avg_Value': 174.16933949442785}
kmeans\2\0\Lemon (10).jpg: {'Bow': [2, 0, 2, 1, 1, 3, 0, 1, 2, 2, 0, 0, 0, 2, 3, 0, 0, 2, 0, 3, 0, 0, 2, 0, 1, 0, 0, 0, 1, 3], 'avg_Hue': 20.087939698492463, 'avg_Saturation': 143.50085944730927, 'avg_Value': 167.86348662537884}
kmeans\2\0\Lemon (11).jpg: {'Bow': [2, 0, 0, 0, 2, 3, 1, 1, 1, 3, 1, 0, 0, 2, 1, 0, 1, 3, 1, 3, 0, 0, 0, 0, 0, 0, 1, 0, 0, 1], 'avg_Hue': 20.082074588958694, 'avg_Saturation': 141.27702792997462, 'avg_Value': 164.92196031428952}
kmeans\2\0\Lemon (12).jpg: {'Bow': [7, 0, 1, 0, 2, 1, 1, 0, 1, 6, 1, 1, 0, 2, 0, 0, 0, 2, 1, 5, 1, 0, 0, 0, 0, 0, 2, 0, 1, 0], 'avg_Hue': 19.951985609519856, 'avg_Saturation': 138.72450532724505, 'avg_Value': 162.98438579521903}
kmeans\2\0\Lemon (13).jpg: {'Bow': [4, 0, 0, 2, 0, 0, 1, 1, 1, 5, 1, 2, 0, 4, 2, 0, 1, 1, 1, 8, 2, 0, 0, 0, 0, 2, 0, 0, 2, 0], 'avg_Hue': 19.673095014111006, 'avg_Saturation': 141.99184825207712, 'avg_Value': 166.4010335108049}
kmeans\2\0\Pear (01).jpg: {'Bow': [4, 1, 0, 0, 0, 1, 2, 1, 0, 3, 0, 0, 0, 4, 2, 4, 0, 1, 1, 3, 0, 1, 1, 0, 0, 1, 0, 0, 1, 1], 'avg_Hue': 23.92399658411614, 'avg_Saturation': 153.09649871904355, 'avg_Value': 135.33447157247738}
kmeans\2\0\Pear (02).jpg: {'Bow': [2, 0, 0, 1, 0, 2, 0, 5, 0, 5, 0, 1, 1, 1, 0, 0, 0, 1, 0, 1, 0, 0, 0, 0, 2, 1, 1, 0, 3, 1], 'avg_Hue': 24.194761584956346, 'avg_Saturation': 150.37693082605776, 'avg_Value': 144.43972464741438}
kmeans\2\0\Pear (04).jpg: {'Bow': [2, 0, 0, 0, 0, 1, 0, 7, 0, 5, 0, 1, 0, 0, 0, 0, 0, 1, 0, 3, 0, 0, 0, 0, 0, 0, 1, 0, 0, 0], 'avg_Hue': 24.48200863585479, 'avg_Saturation': 138.9764912841836, 'avg_Value': 154.42859427474812}
kmeans\2\0\Pear (05).jpg: {'Bow': [1, 0, 2, 0, 0, 2, 0, 5, 0, 6, 0, 0, 0, 3, 0, 0, 0, 2, 0, 2, 0, 0, 0, 0, 0, 0, 0, 2, 0, 0], 'avg_Hue': 24.215428937259922, 'avg_Saturation': 145.91549295774647, 'avg_Value': 149.87115877080666}
kmeans\2\0\Pear (06).jpg: {'Bow': [5, 2, 1, 0, 0, 2, 1, 1, 0, 5, 0, 1, 1, 3, 0, 2, 0, 2, 0, 5, 0, 1, 0, 0, 0, 0, 0, 0, 1, 0], 'avg_Hue': 23.67929570822198, 'avg_Saturation': 151.97374626631031, 'avg_Value': 135.96809680968096}
kmeans\2\0\Pear (07).jpg: {'Bow': [1, 2, 1, 0, 0, 6, 1, 4, 0, 2, 0, 0, 0, 6, 1, 0, 0, 0, 0, 5, 1, 0, 0, 0, 0, 0, 1, 0, 1, 0], 'avg_Hue': 23.786006600660066, 'avg_Saturation': 146.92158415841584, 'avg_Value': 140.6685578572371}
kmeans\2\0\Pear (15).jpg: {'Bow': [7, 0, 0, 2, 0, 2, 0, 5, 0, 3, 0, 1, 1, 7, 0, 0, 0, 3, 0, 1, 0, 0, 0, 0, 0, 2, 0, 1, 1, 1], 'avg_Hue': 24.297768008116336, 'avg_Saturation': 153.08285424416638, 'avg_Value': 140.36320595197836}
