kmeans\7\0\Mango (01).jpg: {'Bow': [1, 0, 8, 0, 0, 2, 0, 0, 0, 1, 0, 0, 0, 0, 1, 1, 1, 0, 0, 0, 1, 0, 0, 1, 0, 0, 0, 0, 1, 1], 'avg_Hue': 54.14051987767584, 'avg_Saturation': 77.00565749235474, 'avg_Value': 103.37820904645477}
kmeans\7\0\Mango (02).jpg: {'Bow': [1, 0, 4, 0, 0, 4, 0, 0, 0, 1, 0, 0, 0, 0, 1, 1, 0, 0, 0, 0, 1, 0, 3, 0, 0, 0, 3, 0, 0, 0], 'avg_Hue': 54.64681555004135, 'avg_Saturation': 71.49421009098428, 'avg_Value': 96.6788421778084}
kmeans\7\0\Mango (03).jpg: {'Bow': [0, 0, 9, 0, 0, 5, 0, 0, 0, 1, 0, 0, 0, 0, 0, 1, 0, 0, 1, 0, 0, 0, 1, 0, 0, 0, 0, 0, 0, 0], 'avg_Hue': 55.29136412791596, 'avg_Saturation': 76.68469025181523, 'avg_Value': 95.9207722007722}
kmeans\7\0\Mango (04).jpg: {'Bow': [1, 0, 10, 0, 0, 7, 1, 1, 0, 0, 0, 0, 0, 0, 0, 1, 0, 1, 2, 0, 0, 0, 0, 0, 0, 0, 0, 0, 1, 0], 'avg_Hue': 55.57051581736014, 'avg_Saturation': 80.91974442886084, 'avg_Value': 97.29659037832788}
kmeans\7\0\Mango (06).jpg: {'Bow': [0, 0, 4, 0, 0, 8, 0, 0, 0, 2, 0, 0, 0, 0, 0, 2, 0, 0, 1, 0, 0, 0, 0, 0, 0, 0, 0, 0, 1, 0], 'avg_Hue': 51.8824320286824, 'avg_Saturation': 84.6543172990738, 'avg_Value': 94.40194029850747}
kmeans\7\0\Mango (07).jpg: {'Bow': [0, 0, 15, 0, 0, 4, 0, 0, 0, 3, 0, 0, 0, 0, 0, 1, 0, 0, 1, 0, 0, 0, 1, 0, 0, 0, 0, 0, 0, 0], 'avg_Hue': 52.923021165555234, 'avg_Saturation': 81.66599014207017, 'avg_Value': 104.09313441483198}
kmeans\7\0\Mango (09).jpg: {'Bow': [0, 1, 5, 0, 1, 2, 0, 0, 0, 1, 0, 0, 0, 0, 2, 1, 0, 0, 1, 0, 2, 0, 3, 0, 0, 0, 2, 0, 0, 1], 'avg_Hue': 54.5492277992278, 'avg_Saturation': 71.18698290126862, 'avg_Value': 96.85044796691936}
kmeans\7\0\Mango (11).jpg: {'Bow': [0, 0, 8, 0, 2, 7, 0, 1, 0, 2, 0, 0, 0, 1, 1, 1, 0, 0, 0, 1, 1, 0, 1, 1, 0, 0, 1, 0, 0, 2], 'avg_Hue': 46.92683636363636, 'avg_Saturation': 81.3602909090909, 'avg_Value': 103.3085307368115}
kmeans\7\0\Mango (12).jpg: {'Bow': [0, 0, 5, 0, 2, 5, 0, 0, 0, 1, 1, 0, 0, 0, 1, 1, 1, 0, 0, 0, 1, 0, 1, 1, 0, 0, 1, 1, 0, 1], 'avg_Hue': 45.29826802952868, 'avg_Saturation': 81.5383742374805, 'avg_Value': 104.44617563739376}
kmeans\7\0\Mango (13).jpg: {'Bow': [0, 1, 7, 0, 1, 5, 0, 3, 0, 2, 0, 1, 0, 0, 1, 0, 0, 1, 1, 0, 1, 0, 2, 1, 1, 0, 1, 0, 0, 1], 'avg_Hue': 43.33809048094762, 'avg_Saturation': 75.57421930700129, 'avg_Value': 107.13201367131872}
kmeans\7\0\Mango (14).jpg: {'Bow': [1, 0, 8, 0, 0, 3, 0, 3, 0, 1, 1, 0, 0, 0, 0, 1, 0, 3, 0, 0, 1, 0, 2, 1, 1, 1, 0, 0, 1, 0], 'avg_Hue': 42.771168649405176, 'avg_Saturation': 71.87027707808564, 'avg_Value': 104.29654497132466}
kmeans\7\0\Mango (15).jpg: {'Bow': [0, 0, 8, 0, 0, 8, 0, 1, 1, 1, 0, 0, 0, 0, 0, 1, 0, 0, 1, 0, 0, 1, 1, 0, 0, 0, 0, 0, 0, 0], 'avg_Hue': 44.783686470018004, 'avg_Saturation': 73.16798227392329, 'avg_Value': 98.78037641848879}
kmeans\7\0\Watermelon (12).jpg: {'Bow': [8, 7, 3, 12, 6, 9, 11, 1, 8, 1, 10, 4, 15, 9, 1, 1, 6, 3, 12, 3, 1, 10, 1, 15, 9, 5, 1, 5, 5, 5], 'avg_Hue': 49.67493152659651, 'avg_Saturation': 98.3926822241429, 'avg_Value': 106.3825561312608}
kmeans\7\0\Watermelon (13).jpg: {'Bow': [5, 8, 3, 14, 4, 7, 8, 1, 6, 1, 19, 5, 8, 5, 1, 3, 9, 7, 11, 7, 2, 9, 0, 16, 5, 4, 0, 8, 6, 2], 'avg_Hue': 49.09207017543859, 'avg_Saturation': 99.76142416596579, 'avg_Value': 104.73500560538116}
kmeans\7\0\Watermelon (14).jpg: {'Bow': [8, 6, 7, 2, 7, 6, 6, 1, 5, 0, 6, 15, 12, 6, 4, 1, 10, 10, 22, 12, 2, 7, 3, 11, 8, 10, 1, 16, 5, 9], 'avg_Hue': 48.16763744850121, 'avg_Saturation': 102.1734071235987, 'avg_Value': 102.05303460011345}
