kmeans1\0\Mulberry (01).jpg: {'Bow': [0, 5, 0, 5, 2, 2, 1, 4, 1, 2, 5, 1, 0, 3, 0, 1, 0, 2, 2, 3, 0, 5, 3, 5, 11, 7, 2, 3, 1, 0], 'avg_Hue': 76.416, 'avg_Saturation': 15.707, 'avg_Value': 155.4757}
kmeans1\0\Mulberry (02).jpg: {'Bow': [2, 6, 3, 2, 6, 2, 1, 1, 3, 0, 4, 3, 2, 1, 0, 1, 2, 3, 2, 3, 2, 1, 5, 7, 8, 4, 3, 1, 0, 0], 'avg_Hue': 76.5215, 'avg_Saturation': 15.3235, 'avg_Value': 152.9566}
kmeans1\0\Mulberry (03).jpg: {'Bow': [1, 4, 3, 3, 3, 5, 0, 1, 3, 0, 5, 1, 2, 2, 0, 1, 1, 7, 1, 3, 2, 5, 3, 2, 5, 5, 0, 2, 1, 0], 'avg_Hue': 77.6103, 'avg_Saturation': 15.5666, 'avg_Value': 152.9483}
kmeans1\0\Mulberry (04).jpg: {'Bow': [0, 7, 1, 6, 7, 1, 5, 1, 4, 1, 5, 2, 0, 2, 0, 1, 0, 4, 3, 1, 0, 4, 5, 2, 6, 5, 1, 1, 7, 0], 'avg_Hue': 76.7298, 'avg_Saturation': 15.0789, 'avg_Value': 154.0616}
kmeans1\0\Mulberry (05).jpg: {'Bow': [2, 6, 1, 6, 5, 1, 3, 5, 5, 0, 5, 1, 0, 1, 0, 2, 1, 4, 4, 3, 0, 4, 6, 3, 3, 3, 1, 4, 0, 1], 'avg_Hue': 76.0814, 'avg_Saturation': 15.2709, 'avg_Value': 158.5756}
kmeans1\0\Mulberry (06).jpg: {'Bow': [1, 7, 3, 3, 4, 3, 2, 2, 5, 0, 3, 3, 2, 1, 1, 1, 4, 1, 3, 3, 1, 5, 4, 6, 7, 6, 1, 3, 1, 2], 'avg_Hue': 77.6701, 'avg_Saturation': 15.7838, 'avg_Value': 154.7596}
kmeans1\0\Mulberry (07).jpg: {'Bow': [2, 7, 2, 1, 9, 2, 3, 5, 2, 1, 2, 0, 1, 3, 1, 2, 3, 1, 1, 3, 0, 4, 2, 2, 8, 7, 1, 3, 0, 2], 'avg_Hue': 77.3556, 'avg_Saturation': 15.8123, 'avg_Value': 153.2374}
kmeans1\0\Mulberry (08).jpg: {'Bow': [0, 4, 2, 3, 3, 0, 1, 4, 4, 2, 0, 0, 1, 1, 1, 0, 2, 0, 2, 0, 1, 7, 5, 10, 1, 5, 2, 1, 1, 0], 'avg_Hue': 71.5997, 'avg_Saturation': 13.8925, 'avg_Value': 178.0717}
kmeans1\0\Mulberry (09).jpg: {'Bow': [0, 4, 2, 3, 2, 2, 4, 1, 3, 2, 6, 2, 3, 2, 0, 0, 1, 8, 3, 2, 1, 3, 2, 3, 1, 4, 1, 5, 3, 0], 'avg_Hue': 78.7941, 'avg_Saturation': 17.0407, 'avg_Value': 167.3699}
kmeans1\0\Mulberry (10).jpg: {'Bow': [0, 4, 1, 3, 7, 1, 5, 1, 2, 3, 0, 4, 3, 1, 2, 0, 3, 3, 2, 1, 2, 3, 5, 4, 7, 3, 3, 2, 1, 2], 'avg_Hue': 79.0188, 'avg_Saturation': 17.4583, 'avg_Value': 165.3961}
kmeans1\0\Mulberry (11).jpg: {'Bow': [4, 6, 3, 2, 8, 2, 3, 1, 8, 1, 1, 3, 2, 1, 0, 2, 4, 6, 3, 1, 2, 5, 4, 3, 5, 3, 3, 3, 2, 4], 'avg_Hue': 73.4982, 'avg_Saturation': 17.4188, 'avg_Value': 170.155}
kmeans1\0\Mulberry (12).jpg: {'Bow': [2, 4, 0, 3, 3, 2, 3, 1, 3, 0, 2, 3, 1, 1, 0, 1, 3, 6, 5, 0, 3, 5, 2, 5, 8, 3, 1, 3, 1, 3], 'avg_Hue': 59.7436, 'avg_Saturation': 13.498, 'avg_Value': 183.9968}
kmeans1\0\Mulberry (13).jpg: {'Bow': [3, 4, 1, 1, 7, 2, 1, 2, 2, 0, 2, 3, 1, 1, 1, 0, 2, 7, 0, 2, 0, 4, 3, 4, 4, 9, 5, 2, 1, 2], 'avg_Hue': 69.7813, 'avg_Saturation': 13.4274, 'avg_Value': 177.243}
kmeans1\0\Mulberry (14).jpg: {'Bow': [0, 2, 2, 0, 4, 4, 2, 4, 1, 2, 2, 0, 3, 1, 0, 0, 1, 2, 2, 1, 6, 4, 4, 7, 16, 9, 4, 3, 1, 3], 'avg_Hue': 74.8351, 'avg_Saturation': 14.8214, 'avg_Value': 179.1087}
kmeans1\0\Mulberry (15).jpg: {'Bow': [0, 5, 4, 3, 5, 0, 1, 3, 5, 4, 1, 0, 2, 1, 1, 0, 2, 0, 2, 0, 2, 7, 3, 5, 1, 6, 1, 1, 2, 0], 'avg_Hue': 67.7845, 'avg_Saturation': 13.8219, 'avg_Value': 178.1803}
