kmeans1\8\Banana (01).jpg: {'Bow': [2, 0, 4, 0, 7, 0, 0, 2, 12, 0, 1, 0, 1, 1, 0, 1, 0, 0, 2, 0, 2, 0, 2, 0, 0, 0, 0, 1, 0, 1], 'avg_Hue': 12.2429, 'avg_Saturation': 35.4844, 'avg_Value': 226.9337}
kmeans1\8\Banana (02).jpg: {'Bow': [8, 1, 2, 0, 8, 0, 0, 3, 11, 0, 1, 0, 0, 2, 0, 0, 0, 0, 0, 0, 2, 0, 2, 0, 0, 0, 0, 1, 0, 1], 'avg_Hue': 14.6832, 'avg_Saturation': 35.4443, 'avg_Value': 224.6968}
kmeans1\8\Banana (03).jpg: {'Bow': [13, 2, 1, 0, 7, 0, 0, 0, 7, 0, 0, 0, 1, 1, 0, 4, 0, 0, 1, 0, 4, 0, 0, 0, 1, 2, 1, 0, 2, 1], 'avg_Hue': 20.7018, 'avg_Saturation': 44.5259, 'avg_Value': 210.5808}
kmeans1\8\Banana (04).jpg: {'Bow': [5, 1, 7, 0, 5, 0, 1, 0, 9, 0, 1, 0, 2, 3, 0, 0, 0, 0, 0, 0, 3, 0, 1, 0, 1, 0, 0, 0, 0, 1], 'avg_Hue': 15.6886, 'avg_Saturation': 45.002, 'avg_Value': 223.5348}
kmeans1\8\Banana (05).jpg: {'Bow': [4, 1, 4, 0, 8, 0, 0, 1, 11, 0, 0, 0, 2, 1, 0, 0, 0, 0, 0, 1, 1, 0, 3, 0, 0, 0, 0, 1, 0, 1], 'avg_Hue': 16.6089, 'avg_Saturation': 32.776, 'avg_Value': 228.6038}
kmeans1\8\Banana (06).jpg: {'Bow': [2, 0, 3, 0, 5, 0, 0, 2, 8, 0, 2, 0, 1, 0, 0, 0, 1, 0, 1, 0, 1, 0, 2, 0, 0, 2, 0, 0, 0, 0], 'avg_Hue': 11.654, 'avg_Saturation': 36.4912, 'avg_Value': 225.77}
kmeans1\8\Banana (08).jpg: {'Bow': [11, 0, 5, 0, 4, 0, 1, 1, 10, 0, 1, 0, 0, 1, 0, 4, 0, 0, 1, 0, 1, 0, 0, 0, 4, 0, 0, 0, 1, 1], 'avg_Hue': 21.9235, 'avg_Saturation': 49.8109, 'avg_Value': 204.5835}
kmeans1\8\Banana (10).jpg: {'Bow': [2, 0, 7, 0, 6, 0, 0, 0, 7, 0, 0, 0, 0, 1, 1, 0, 0, 0, 0, 0, 1, 0, 0, 0, 3, 0, 0, 1, 1, 1], 'avg_Hue': 18.764, 'avg_Saturation': 45.1259, 'avg_Value': 228.2935}
kmeans1\8\Banana (11).jpg: {'Bow': [2, 2, 11, 0, 5, 0, 0, 1, 5, 0, 0, 0, 0, 3, 0, 0, 1, 0, 1, 0, 0, 0, 1, 0, 1, 0, 0, 1, 0, 1], 'avg_Hue': 18.6721, 'avg_Saturation': 52.5959, 'avg_Value': 224.6573}
kmeans1\8\Corn (01).jpg: {'Bow': [6, 0, 1, 0, 1, 0, 0, 0, 1, 1, 0, 3, 1, 1, 1, 1, 0, 2, 3, 5, 5, 0, 0, 0, 0, 1, 0, 0, 3, 0], 'avg_Hue': 18.954, 'avg_Saturation': 66.2512, 'avg_Value': 212.6256}
kmeans1\8\Corn (03).jpg: {'Bow': [5, 2, 5, 5, 3, 0, 2, 1, 1, 2, 1, 1, 0, 2, 3, 2, 3, 4, 2, 1, 5, 2, 1, 2, 0, 2, 0, 1, 8, 0], 'avg_Hue': 19.2642, 'avg_Saturation': 64.6437, 'avg_Value': 217.4438}
kmeans1\8\Corn (04).jpg: {'Bow': [4, 0, 4, 2, 3, 2, 0, 2, 3, 1, 0, 2, 0, 1, 2, 2, 1, 3, 1, 2, 2, 2, 0, 2, 1, 1, 0, 0, 9, 1], 'avg_Hue': 19.9096, 'avg_Saturation': 63.4762, 'avg_Value': 221.0742}
kmeans1\8\Corn (06).jpg: {'Bow': [2, 4, 4, 1, 2, 3, 1, 0, 2, 0, 0, 1, 0, 0, 2, 7, 2, 1, 3, 0, 1, 1, 0, 3, 1, 0, 1, 0, 6, 1], 'avg_Hue': 19.5051, 'avg_Saturation': 72.2645, 'avg_Value': 218.9951}
kmeans1\8\Corn (07).jpg: {'Bow': [3, 0, 4, 0, 4, 0, 0, 2, 0, 5, 0, 1, 0, 1, 0, 2, 0, 3, 1, 0, 5, 1, 1, 13, 0, 0, 1, 0, 5, 0], 'avg_Hue': 19.2366, 'avg_Saturation': 59.5103, 'avg_Value': 230.1566}
kmeans1\8\Corn (08).jpg: {'Bow': [8, 0, 2, 1, 0, 0, 2, 0, 1, 1, 2, 0, 1, 1, 0, 1, 1, 5, 2, 1, 4, 0, 0, 5, 0, 0, 1, 0, 8, 0], 'avg_Hue': 19.2718, 'avg_Saturation': 61.8778, 'avg_Value': 218.4528}
kmeans1\8\Corn (11).jpg: {'Bow': [4, 1, 3, 0, 2, 1, 3, 1, 1, 3, 0, 3, 0, 2, 0, 1, 2, 3, 0, 0, 1, 1, 1, 5, 0, 1, 1, 0, 6, 0], 'avg_Hue': 18.3689, 'avg_Saturation': 61.2516, 'avg_Value': 231.2932}
kmeans1\8\Corn (12).jpg: {'Bow': [2, 0, 1, 1, 12, 1, 0, 0, 0, 0, 1, 2, 0, 1, 2, 2, 0, 1, 0, 1, 2, 2, 0, 0, 0, 0, 1, 0, 3, 0], 'avg_Hue': 17.5416, 'avg_Saturation': 60.2589, 'avg_Value': 226.7067}
kmeans1\8\Corn (13).jpg: {'Bow': [3, 0, 1, 4, 12, 4, 1, 0, 5, 0, 1, 2, 0, 4, 2, 1, 2, 0, 0, 0, 1, 1, 0, 1, 0, 1, 4, 0, 1, 0], 'avg_Hue': 15.4104, 'avg_Saturation': 61.158, 'avg_Value': 223.6243}
kmeans1\8\Corn (14).jpg: {'Bow': [5, 0, 2, 0, 6, 1, 1, 0, 0, 0, 1, 1, 0, 0, 0, 1, 0, 0, 1, 0, 1, 1, 0, 1, 0, 1, 1, 0, 6, 0], 'avg_Hue': 15.2601, 'avg_Saturation': 61.2702, 'avg_Value': 224.5232}
kmeans1\8\Corn (15).jpg: {'Bow': [2, 1, 1, 3, 10, 2, 1, 0, 3, 0, 1, 1, 0, 2, 1, 1, 0, 0, 0, 0, 2, 2, 0, 0, 0, 0, 3, 0, 0, 1], 'avg_Hue': 15.9446, 'avg_Saturation': 60.6862, 'avg_Value': 227.0108}
