kmeans1\1\2\Banana (01).jpg: {'Bow': [0, 0, 1, 0, 1, 0, 2, 2, 1, 2, 0, 0, 2, 2, 1, 0, 0, 0, 0, 1, 0, 1, 6, 0, 0, 0, 12, 2, 0, 3], 'avg_Hue': 12.2429, 'avg_Saturation': 35.4844, 'avg_Value': 226.9337}
kmeans1\1\2\Banana (04).jpg: {'Bow': [0, 4, 2, 1, 1, 0, 0, 5, 0, 1, 0, 1, 1, 2, 0, 2, 0, 0, 1, 0, 0, 1, 3, 0, 0, 0, 9, 1, 0, 5], 'avg_Hue': 15.6886, 'avg_Saturation': 45.002, 'avg_Value': 223.5348}
kmeans1\1\2\Banana (06).jpg: {'Bow': [1, 1, 1, 1, 0, 0, 2, 2, 1, 2, 0, 1, 0, 2, 0, 0, 1, 1, 0, 1, 0, 0, 4, 0, 0, 0, 7, 1, 0, 1], 'avg_Hue': 11.654, 'avg_Saturation': 36.4912, 'avg_Value': 225.77}
kmeans1\1\2\Banana (07).jpg: {'Bow': [0, 5, 2, 0, 3, 0, 0, 4, 1, 1, 1, 0, 1, 3, 1, 2, 2, 0, 1, 0, 0, 0, 4, 3, 1, 0, 6, 0, 2, 2], 'avg_Hue': 25.5187, 'avg_Saturation': 73.5263, 'avg_Value': 206.7857}
kmeans1\1\2\Banana (09).jpg: {'Bow': [0, 4, 5, 2, 3, 0, 1, 1, 1, 1, 1, 0, 1, 7, 1, 0, 2, 1, 3, 0, 0, 1, 1, 3, 2, 0, 5, 0, 0, 2], 'avg_Hue': 24.5965, 'avg_Saturation': 62.377, 'avg_Value': 208.7539}
kmeans1\1\2\Banana (12).jpg: {'Bow': [0, 5, 3, 0, 2, 0, 1, 8, 2, 0, 2, 0, 1, 8, 0, 0, 5, 0, 1, 0, 1, 0, 6, 0, 2, 0, 5, 0, 1, 1], 'avg_Hue': 25.5071, 'avg_Saturation': 72.3832, 'avg_Value': 208.3036}
kmeans1\1\2\Banana (15).jpg: {'Bow': [0, 3, 4, 0, 3, 0, 2, 2, 0, 1, 1, 1, 0, 7, 0, 1, 1, 1, 1, 0, 0, 0, 0, 4, 0, 0, 3, 0, 0, 2], 'avg_Hue': 23.6224, 'avg_Saturation': 64.0226, 'avg_Value': 207.6847}
kmeans1\1\2\Corn (09).jpg: {'Bow': [4, 2, 3, 0, 1, 0, 0, 6, 0, 0, 0, 1, 0, 2, 1, 3, 0, 0, 3, 6, 0, 0, 0, 0, 1, 3, 1, 2, 2, 2], 'avg_Hue': 17.8977, 'avg_Saturation': 67.4274, 'avg_Value': 209.291}
kmeans1\1\2\Pear (01).jpg: {'Bow': [0, 2, 5, 3, 0, 1, 1, 4, 0, 1, 0, 0, 0, 6, 1, 2, 0, 1, 0, 1, 0, 0, 0, 0, 1, 0, 3, 0, 0, 1], 'avg_Hue': 22.7718, 'avg_Saturation': 89.9419, 'avg_Value': 184.4557}
kmeans1\1\2\Pear (02).jpg: {'Bow': [0, 0, 1, 0, 1, 0, 0, 7, 1, 0, 0, 0, 0, 3, 0, 0, 2, 0, 0, 1, 0, 0, 4, 0, 1, 0, 1, 0, 2, 2], 'avg_Hue': 25.9569, 'avg_Saturation': 89.9688, 'avg_Value': 188.8179}
kmeans1\1\2\Pear (06).jpg: {'Bow': [0, 2, 2, 2, 1, 1, 0, 5, 0, 0, 0, 0, 0, 7, 0, 0, 1, 2, 0, 0, 0, 1, 1, 0, 0, 0, 4, 0, 0, 4], 'avg_Hue': 25.0962, 'avg_Saturation': 97.0333, 'avg_Value': 178.7919}
kmeans1\1\2\Pear (07).jpg: {'Bow': [1, 0, 5, 0, 0, 0, 0, 3, 1, 0, 0, 0, 0, 7, 0, 1, 0, 2, 0, 0, 0, 0, 5, 0, 0, 0, 4, 0, 0, 2], 'avg_Hue': 25.037, 'avg_Saturation': 111.6506, 'avg_Value': 167.7197}
kmeans1\1\2\Pear (15).jpg: {'Bow': [0, 2, 3, 0, 0, 0, 0, 4, 1, 0, 0, 0, 0, 5, 1, 0, 1, 1, 0, 0, 0, 1, 5, 1, 1, 0, 8, 0, 0, 3], 'avg_Hue': 23.8977, 'avg_Saturation': 90.8775, 'avg_Value': 186.6955}
