kmeans\4\Mulberry (01).jpg: {'Bow': [3, 5, 1, 4, 0, 5, 3, 1, 0, 3, 10, 5, 4, 2, 0, 1, 4, 4, 4, 0, 1, 4, 1, 1, 2, 0, 3, 3, 0, 1], 'avg_Hue': 113.92852049910873, 'avg_Saturation': 27.31533939070016, 'avg_Value': 79.71458998935037}
kmeans\4\Mulberry (02).jpg: {'Bow': [3, 7, 4, 3, 1, 2, 3, 1, 1, 1, 6, 6, 1, 3, 2, 2, 1, 7, 5, 1, 1, 2, 1, 2, 2, 3, 1, 3, 3, 1], 'avg_Hue': 115.57948179271709, 'avg_Saturation': 26.02573529411765, 'avg_Value': 78.95569840166783}
kmeans\4\Mulberry (03).jpg: {'Bow': [4, 3, 1, 3, 3, 5, 8, 0, 0, 1, 4, 5, 2, 0, 1, 1, 0, 3, 3, 1, 1, 3, 1, 3, 5, 1, 1, 3, 4, 0], 'avg_Hue': 115.66631871955462, 'avg_Saturation': 26.52366040361865, 'avg_Value': 79.1945889698231}
kmeans\4\Mulberry (04).jpg: {'Bow': [3, 6, 1, 5, 7, 3, 7, 0, 0, 1, 6, 3, 3, 2, 1, 2, 2, 7, 5, 0, 2, 4, 1, 0, 0, 1, 0, 1, 2, 5], 'avg_Hue': 115.2573854590483, 'avg_Saturation': 26.042632230673977, 'avg_Value': 78.23567777190199}
kmeans\4\Mulberry (05).jpg: {'Bow': [3, 3, 2, 6, 0, 3, 4, 2, 0, 0, 3, 2, 7, 2, 1, 1, 1, 8, 6, 1, 1, 6, 2, 1, 1, 3, 2, 3, 3, 3], 'avg_Hue': 115.86827761627907, 'avg_Saturation': 26.941860465116278, 'avg_Value': 81.89855334538879}
kmeans\4\Mulberry (06).jpg: {'Bow': [3, 7, 0, 7, 0, 5, 1, 1, 3, 2, 7, 4, 6, 1, 1, 4, 3, 6, 3, 2, 2, 3, 1, 4, 3, 2, 1, 2, 4, 1], 'avg_Hue': 116.37464936886396, 'avg_Saturation': 27.066082383873795, 'avg_Value': 81.78872258962757}
kmeans\4\Mulberry (07).jpg: {'Bow': [2, 3, 5, 5, 0, 6, 3, 1, 0, 1, 8, 7, 2, 1, 2, 0, 3, 6, 2, 3, 2, 1, 2, 0, 2, 1, 4, 3, 2, 3], 'avg_Hue': 113.33465448905739, 'avg_Saturation': 26.773737721868, 'avg_Value': 82.17131133527099}
kmeans\4\Mulberry (08).jpg: {'Bow': [0, 11, 0, 5, 1, 8, 1, 2, 2, 3, 1, 5, 1, 3, 0, 0, 1, 4, 5, 1, 1, 3, 0, 3, 0, 0, 2, 0, 1, 1], 'avg_Hue': 111.91878288721117, 'avg_Saturation': 29.635511882998173, 'avg_Value': 82.13395496929725}
kmeans\4\Mulberry (09).jpg: {'Bow': [5, 4, 2, 2, 3, 3, 8, 1, 0, 1, 2, 5, 6, 1, 0, 2, 3, 2, 2, 1, 3, 3, 0, 2, 2, 3, 1, 2, 1, 3], 'avg_Hue': 110.4953326713009, 'avg_Saturation': 31.675927763445127, 'avg_Value': 84.63869188337273}
kmeans\4\Mulberry (10).jpg: {'Bow': [0, 4, 1, 4, 1, 2, 3, 2, 1, 5, 7, 3, 3, 2, 2, 5, 2, 8, 4, 2, 2, 3, 0, 1, 2, 3, 0, 1, 1, 4], 'avg_Hue': 107.37595712098009, 'avg_Saturation': 31.54168260038241, 'avg_Value': 86.57330540746382}
kmeans\4\Mulberry (11).jpg: {'Bow': [1, 4, 4, 7, 4, 4, 7, 1, 2, 2, 4, 4, 4, 1, 5, 2, 1, 8, 5, 4, 3, 2, 2, 3, 2, 4, 0, 1, 4, 0], 'avg_Hue': 105.51654591736832, 'avg_Saturation': 32.487089201877936, 'avg_Value': 91.64888023369036}
kmeans\4\Mulberry (12).jpg: {'Bow': [1, 5, 2, 2, 3, 6, 6, 1, 2, 2, 6, 4, 2, 0, 4, 2, 3, 3, 3, 2, 2, 2, 1, 0, 2, 4, 0, 0, 2, 4], 'avg_Hue': 111.40307993155707, 'avg_Saturation': 31.323076923076922, 'avg_Value': 84.37773456490034}
kmeans\4\Mulberry (13).jpg: {'Bow': [1, 4, 3, 10, 3, 3, 9, 0, 0, 0, 4, 4, 1, 5, 2, 3, 1, 9, 3, 3, 0, 1, 0, 0, 1, 0, 2, 2, 1, 1], 'avg_Hue': 112.4522278364722, 'avg_Saturation': 29.11519045433685, 'avg_Value': 79.75376540392514}
kmeans\4\Mulberry (14).jpg: {'Bow': [2, 8, 3, 4, 1, 3, 3, 6, 1, 2, 16, 6, 3, 3, 3, 0, 1, 4, 4, 0, 1, 0, 0, 0, 4, 6, 2, 1, 2, 1], 'avg_Hue': 113.49353888007255, 'avg_Saturation': 31.18000453411925, 'avg_Value': 85.7237556561086}
kmeans\4\Mulberry (15).jpg: {'Bow': [1, 5, 0, 5, 2, 8, 1, 2, 1, 5, 1, 7, 2, 4, 0, 0, 1, 5, 3, 1, 1, 3, 0, 5, 0, 1, 1, 0, 1, 1], 'avg_Hue': 110.89967934035731, 'avg_Saturation': 29.99519340810254, 'avg_Value': 82.17125312713213}
