kmeans\9\0\Banana (10).jpg: {'Bow': [5, 0, 1, 0, 0, 0, 8, 0, 0, 1, 1, 0, 4, 0, 1, 0, 1, 0, 0, 0, 1, 0, 0, 0, 0, 0, 3, 3, 0, 0], 'avg_Hue': 23.885546875, 'avg_Saturation': 175.10179407176287, 'avg_Value': 152.33489278752435}
kmeans\9\0\Banana (11).jpg: {'Bow': [5, 0, 1, 0, 1, 0, 6, 0, 0, 2, 1, 0, 5, 0, 0, 0, 2, 0, 0, 0, 3, 1, 1, 0, 0, 0, 5, 2, 0, 0], 'avg_Hue': 25.00543662928984, 'avg_Saturation': 177.92357336956522, 'avg_Value': 153.81046195652175}
kmeans\9\0\Corn (02).jpg: {'Bow': [1, 2, 4, 3, 1, 2, 0, 1, 3, 0, 5, 0, 3, 1, 1, 0, 1, 0, 0, 2, 1, 1, 2, 0, 0, 3, 6, 0, 2, 3], 'avg_Hue': 22.10404019258949, 'avg_Saturation': 165.38224827297466, 'avg_Value': 172.44777056730166}
kmeans\9\0\Corn (04).jpg: {'Bow': [1, 1, 0, 2, 1, 0, 3, 0, 3, 5, 1, 1, 4, 2, 0, 0, 1, 2, 1, 7, 1, 0, 3, 2, 2, 3, 5, 1, 2, 1], 'avg_Hue': 21.724194880264246, 'avg_Saturation': 173.63804018717315, 'avg_Value': 162.13707679603633}
kmeans\9\0\Corn (06).jpg: {'Bow': [2, 3, 4, 1, 3, 1, 3, 1, 0, 1, 3, 0, 2, 1, 0, 0, 0, 2, 1, 5, 0, 3, 1, 0, 0, 0, 5, 1, 5, 1], 'avg_Hue': 22.121190811064228, 'avg_Saturation': 168.70557899671823, 'avg_Value': 171.11322081575247}
kmeans\9\0\Corn (07).jpg: {'Bow': [1, 0, 1, 4, 0, 1, 3, 1, 2, 2, 1, 0, 4, 1, 2, 0, 1, 12, 0, 3, 1, 0, 2, 0, 1, 5, 3, 1, 2, 1], 'avg_Hue': 22.04481353807584, 'avg_Saturation': 185.36540269507992, 'avg_Value': 177.8614854277656}
kmeans\9\0\Corn (08).jpg: {'Bow': [0, 1, 0, 3, 0, 3, 7, 2, 2, 1, 0, 0, 0, 4, 1, 1, 0, 3, 1, 8, 1, 0, 3, 1, 0, 4, 2, 0, 1, 0], 'avg_Hue': 20.962089300758215, 'avg_Saturation': 172.8270148834597, 'avg_Value': 152.8736310025274}
kmeans\9\0\Corn (10).jpg: {'Bow': [1, 1, 0, 4, 0, 5, 5, 2, 0, 0, 0, 1, 1, 2, 1, 1, 1, 3, 1, 4, 0, 0, 4, 0, 0, 2, 2, 0, 3, 1], 'avg_Hue': 22.0583744948361, 'avg_Saturation': 169.48944768747194, 'avg_Value': 168.3053435114504}
kmeans\9\0\Corn (11).jpg: {'Bow': [1, 0, 1, 2, 2, 2, 2, 1, 1, 1, 2, 1, 2, 1, 1, 1, 1, 4, 0, 4, 2, 0, 3, 0, 2, 3, 3, 1, 1, 0], 'avg_Hue': 22.390567200986435, 'avg_Saturation': 187.4173859432799, 'avg_Value': 182.6387176325524}
kmeans\9\0\Corn (12).jpg: {'Bow': [1, 3, 0, 2, 3, 0, 2, 1, 1, 3, 0, 0, 10, 2, 0, 0, 0, 0, 0, 0, 2, 0, 0, 1, 1, 0, 1, 0, 2, 0], 'avg_Hue': 22.408846761453397, 'avg_Saturation': 189.39589257503948, 'avg_Value': 166.08056872037915}
kmeans\9\0\Corn (13).jpg: {'Bow': [0, 1, 0, 0, 3, 0, 5, 1, 0, 2, 1, 1, 12, 2, 0, 2, 0, 0, 4, 0, 4, 1, 2, 0, 6, 0, 2, 0, 2, 0], 'avg_Hue': 21.762848297213623, 'avg_Saturation': 188.57151702786376, 'avg_Value': 158.35820433436533}
kmeans\9\0\Corn (14).jpg: {'Bow': [1, 0, 0, 1, 0, 0, 3, 1, 0, 4, 0, 1, 5, 0, 0, 0, 1, 1, 1, 2, 0, 1, 1, 0, 2, 0, 2, 0, 1, 0], 'avg_Hue': 21.898573200992555, 'avg_Saturation': 189.41315136476427, 'avg_Value': 161.15654060756356}
kmeans\9\0\Corn (15).jpg: {'Bow': [1, 2, 1, 1, 3, 0, 3, 1, 0, 2, 0, 2, 7, 2, 0, 1, 0, 0, 0, 0, 3, 0, 2, 0, 3, 0, 1, 1, 1, 0], 'avg_Hue': 22.45361810647115, 'avg_Saturation': 192.52598023589417, 'avg_Value': 166.66209754542555}
