kmeans1\7\0\Banana (10).jpg: {'Bow': [1, 5, 1, 0, 6, 1, 1, 2, 0, 0, 0, 1, 0, 1, 0, 1, 0, 0, 0, 7, 0, 0, 0, 0, 3, 0, 0, 1, 0, 0], 'avg_Hue': 18.764, 'avg_Saturation': 45.1259, 'avg_Value': 228.2935}
kmeans1\7\0\Banana (11).jpg: {'Bow': [1, 7, 0, 0, 5, 1, 0, 2, 1, 0, 0, 2, 0, 2, 0, 1, 3, 0, 0, 5, 0, 0, 0, 0, 4, 0, 0, 1, 0, 0], 'avg_Hue': 18.6721, 'avg_Saturation': 52.5959, 'avg_Value': 224.6573}
kmeans1\7\0\Corn (02).jpg: {'Bow': [2, 4, 0, 2, 6, 3, 3, 4, 4, 0, 2, 3, 0, 2, 0, 1, 1, 0, 2, 1, 1, 1, 0, 3, 1, 2, 1, 1, 0, 1], 'avg_Hue': 22.5659, 'avg_Saturation': 79.3755, 'avg_Value': 215.1964}
kmeans1\7\0\Corn (04).jpg: {'Bow': [0, 4, 1, 8, 5, 0, 3, 4, 5, 1, 0, 2, 1, 1, 0, 2, 0, 0, 1, 3, 1, 0, 2, 0, 2, 2, 1, 1, 2, 1], 'avg_Hue': 19.9096, 'avg_Saturation': 63.4762, 'avg_Value': 221.0742}
kmeans1\7\0\Corn (06).jpg: {'Bow': [3, 3, 3, 7, 4, 3, 2, 2, 1, 1, 1, 2, 0, 1, 0, 1, 0, 0, 1, 2, 0, 2, 2, 1, 1, 0, 4, 1, 0, 1], 'avg_Hue': 19.5051, 'avg_Saturation': 72.2645, 'avg_Value': 218.9951}
kmeans1\7\0\Corn (08).jpg: {'Bow': [2, 1, 0, 8, 1, 0, 6, 7, 5, 0, 4, 0, 0, 0, 1, 2, 0, 0, 1, 2, 0, 0, 3, 0, 0, 1, 1, 0, 1, 1], 'avg_Hue': 19.2718, 'avg_Saturation': 61.8778, 'avg_Value': 218.4528}
kmeans1\7\0\Corn (10).jpg: {'Bow': [2, 1, 0, 4, 2, 2, 6, 6, 2, 0, 1, 0, 0, 1, 0, 0, 0, 1, 1, 4, 1, 0, 7, 0, 0, 0, 3, 0, 0, 1], 'avg_Hue': 20.4897, 'avg_Saturation': 75.8812, 'avg_Value': 216.0913}
kmeans1\7\0\Corn (12).jpg: {'Bow': [0, 10, 2, 0, 1, 0, 3, 0, 0, 1, 0, 0, 0, 0, 0, 4, 0, 0, 0, 2, 1, 2, 0, 0, 5, 2, 1, 0, 1, 0], 'avg_Hue': 17.5416, 'avg_Saturation': 60.2589, 'avg_Value': 226.7067}
kmeans1\7\0\Corn (13).jpg: {'Bow': [0, 10, 4, 0, 2, 0, 3, 2, 0, 0, 1, 1, 2, 0, 2, 2, 2, 1, 0, 6, 3, 3, 0, 1, 3, 2, 1, 0, 0, 0], 'avg_Hue': 15.4104, 'avg_Saturation': 61.158, 'avg_Value': 223.6243}
kmeans1\7\0\Corn (14).jpg: {'Bow': [0, 6, 0, 2, 3, 0, 2, 3, 1, 0, 1, 0, 0, 0, 0, 0, 0, 2, 0, 2, 0, 0, 1, 1, 4, 1, 1, 0, 0, 0], 'avg_Hue': 15.2601, 'avg_Saturation': 61.2702, 'avg_Value': 224.5232}
kmeans1\7\0\Corn (15).jpg: {'Bow': [0, 6, 3, 0, 1, 2, 3, 2, 0, 1, 0, 0, 1, 0, 0, 2, 1, 0, 0, 3, 2, 4, 0, 0, 4, 0, 1, 1, 0, 0], 'avg_Hue': 15.9446, 'avg_Saturation': 60.6862, 'avg_Value': 227.0108}
