kmeans\3\Cherry (02).jpg: {'Bow': [1, 3, 1, 0, 0, 2, 2, 1, 0, 1, 3, 0, 1, 2, 0, 0, 3, 0, 2, 0, 0, 0, 0, 0, 0, 0, 0, 2, 1, 0], 'avg_Hue': 92.65841188688289, 'avg_Saturation': 199.96355013550135, 'avg_Value': 44.99947236512333}
kmeans\3\Cherry (03).jpg: {'Bow': [0, 4, 1, 0, 0, 1, 7, 2, 0, 1, 0, 0, 0, 5, 0, 0, 1, 1, 0, 0, 0, 0, 1, 0, 0, 0, 0, 0, 3, 0], 'avg_Hue': 83.51098169717137, 'avg_Saturation': 192.6302616609784, 'avg_Value': 47.9591634873534}
kmeans\3\Cherry (04).jpg: {'Bow': [1, 6, 1, 0, 0, 3, 3, 1, 1, 1, 0, 1, 1, 4, 1, 0, 1, 0, 0, 0, 0, 1, 1, 1, 2, 0, 0, 0, 0, 0], 'avg_Hue': 69.12764214320826, 'avg_Saturation': 191.62704973573656, 'avg_Value': 50.787396307198286}
kmeans\3\Cherry (05).jpg: {'Bow': [1, 7, 0, 0, 3, 1, 1, 1, 2, 1, 0, 0, 0, 4, 2, 0, 4, 0, 1, 3, 4, 0, 1, 0, 0, 1, 1, 1, 1, 1], 'avg_Hue': 61.94355909694555, 'avg_Saturation': 184.68578588333565, 'avg_Value': 49.13208068527217}
kmeans\3\Cherry (06).jpg: {'Bow': [0, 3, 2, 0, 2, 0, 2, 1, 3, 1, 2, 0, 1, 6, 1, 0, 2, 2, 0, 3, 2, 1, 1, 0, 0, 1, 4, 0, 1, 0], 'avg_Hue': 55.4045439686172, 'avg_Saturation': 187.90836762688613, 'avg_Value': 44.51360544217687}
kmeans\3\Cherry (08).jpg: {'Bow': [0, 7, 0, 0, 0, 1, 6, 0, 0, 1, 0, 1, 2, 6, 2, 0, 0, 0, 1, 0, 0, 0, 0, 0, 0, 0, 1, 0, 1, 1], 'avg_Hue': 79.43100801637387, 'avg_Saturation': 195.88228746347573, 'avg_Value': 37.12069202251819}
kmeans\3\Cherry (09).jpg: {'Bow': [1, 8, 1, 0, 0, 0, 5, 1, 0, 1, 1, 0, 1, 1, 0, 0, 1, 0, 0, 0, 0, 0, 1, 0, 2, 0, 0, 0, 1, 1], 'avg_Hue': 47.64775341205337, 'avg_Saturation': 191.94557823129253, 'avg_Value': 36.60825137310001}
kmeans\3\Cherry (10).jpg: {'Bow': [0, 3, 4, 0, 0, 1, 4, 1, 1, 0, 2, 0, 0, 2, 0, 1, 4, 1, 1, 0, 1, 1, 1, 0, 0, 0, 0, 0, 0, 0], 'avg_Hue': 36.55591547123245, 'avg_Saturation': 190.901958207386, 'avg_Value': 34.647947882736155}
kmeans\3\Cherry (11).jpg: {'Bow': [0, 5, 6, 3, 1, 1, 5, 1, 0, 0, 1, 1, 2, 4, 0, 3, 0, 1, 0, 0, 0, 5, 0, 0, 0, 0, 0, 0, 1, 0], 'avg_Hue': 50.3814050918466, 'avg_Saturation': 185.4053414939491, 'avg_Value': 43.63656509695291}
kmeans\3\Cherry (12).jpg: {'Bow': [0, 9, 1, 1, 1, 2, 5, 0, 1, 0, 0, 0, 1, 4, 0, 3, 1, 0, 3, 0, 1, 1, 0, 2, 0, 0, 0, 0, 2, 1], 'avg_Hue': 48.90905977050865, 'avg_Saturation': 190.08591920374707, 'avg_Value': 44.509453170447934}
kmeans\3\Cherry (13).jpg: {'Bow': [0, 6, 2, 0, 1, 0, 1, 0, 0, 0, 0, 0, 2, 8, 0, 1, 0, 0, 1, 0, 0, 1, 0, 1, 0, 0, 0, 0, 1, 1], 'avg_Hue': 54.031779291077356, 'avg_Saturation': 187.931103774939, 'avg_Value': 44.47807456077703}
kmeans\3\Cherry (14).jpg: {'Bow': [1, 8, 0, 0, 0, 3, 3, 1, 0, 1, 0, 1, 2, 7, 0, 1, 0, 0, 0, 0, 0, 0, 0, 0, 0, 0, 0, 0, 2, 0], 'avg_Hue': 70.3100283664275, 'avg_Saturation': 191.9028230184582, 'avg_Value': 44.322389666307856}
kmeans\3\Cherry (15).jpg: {'Bow': [0, 11, 2, 1, 0, 1, 4, 0, 0, 1, 0, 1, 2, 4, 2, 0, 0, 1, 0, 0, 0, 0, 0, 0, 0, 0, 1, 0, 0, 1], 'avg_Hue': 66.26310432569974, 'avg_Saturation': 194.71160313901345, 'avg_Value': 36.929395413481586}
