kmeans\10\Eggplant (01).jpg: {'Bow': [0, 3, 1, 1, 2, 2, 2, 2, 0, 0, 0, 0, 1, 1, 0, 1, 0, 2, 0, 1, 0, 1, 1, 0, 1, 1, 1, 1, 0, 0], 'avg_Hue': 64.99978199258774, 'avg_Saturation': 57.93574380165289, 'avg_Value': 61.94840294840295}
kmeans\10\Eggplant (02).jpg: {'Bow': [0, 1, 3, 0, 3, 1, 2, 1, 0, 0, 1, 1, 0, 1, 0, 3, 0, 2, 0, 1, 0, 2, 0, 1, 1, 1, 1, 0, 0, 0], 'avg_Hue': 60.33923578751165, 'avg_Saturation': 60.075488654235, 'avg_Value': 56.072396180324226}
kmeans\10\Eggplant (03).jpg: {'Bow': [0, 1, 3, 0, 1, 1, 0, 2, 0, 0, 1, 1, 1, 0, 0, 3, 0, 3, 1, 0, 1, 0, 0, 2, 1, 0, 0, 1, 0, 1], 'avg_Hue': 44.76673808248527, 'avg_Saturation': 71.45816942040388, 'avg_Value': 48.07014809041309}
kmeans\10\Eggplant (04).jpg: {'Bow': [1, 1, 2, 1, 5, 0, 1, 0, 0, 0, 0, 0, 0, 0, 2, 4, 0, 5, 1, 0, 1, 0, 0, 1, 1, 1, 1, 1, 1, 1], 'avg_Hue': 43.98892547141574, 'avg_Saturation': 77.0667770419426, 'avg_Value': 53.48527004909984}
kmeans\10\Eggplant (05).jpg: {'Bow': [1, 2, 6, 1, 4, 1, 1, 0, 0, 0, 1, 0, 1, 1, 2, 1, 1, 3, 4, 2, 1, 1, 3, 2, 0, 2, 2, 0, 2, 0], 'avg_Hue': 40.586643495531284, 'avg_Saturation': 68.12821723730815, 'avg_Value': 58.30369166473183}
kmeans\10\Eggplant (07).jpg: {'Bow': [0, 0, 3, 0, 1, 0, 0, 0, 1, 2, 0, 0, 0, 0, 1, 0, 0, 1, 0, 1, 1, 0, 0, 0, 0, 0, 0, 1, 0, 0], 'avg_Hue': 66.08272412466333, 'avg_Saturation': 76.935534101526, 'avg_Value': 47.671186440677964}
kmeans\10\Eggplant (08).jpg: {'Bow': [1, 0, 1, 1, 2, 0, 0, 0, 0, 2, 0, 0, 0, 0, 3, 3, 0, 0, 0, 2, 1, 0, 0, 1, 3, 0, 0, 0, 0, 0], 'avg_Hue': 43.01428073841867, 'avg_Saturation': 85.53887043189368, 'avg_Value': 59.189735099337746}
kmeans\10\Eggplant (09).jpg: {'Bow': [0, 0, 2, 0, 0, 0, 0, 0, 0, 0, 0, 0, 0, 0, 2, 0, 0, 3, 0, 0, 1, 1, 0, 0, 0, 0, 1, 0, 0, 0], 'avg_Hue': 65.99430445288229, 'avg_Saturation': 62.45334394904459, 'avg_Value': 46.90527482971646}
kmeans\10\Eggplant (10).jpg: {'Bow': [0, 0, 3, 0, 0, 0, 0, 0, 0, 0, 0, 0, 0, 0, 0, 1, 0, 1, 0, 0, 0, 0, 0, 0, 0, 0, 1, 1, 0, 0], 'avg_Hue': 67.90574642748555, 'avg_Saturation': 65.6147235749069, 'avg_Value': 39.01696352841391}
kmeans\10\Eggplant (11).jpg: {'Bow': [0, 0, 1, 0, 1, 1, 0, 0, 0, 0, 1, 1, 1, 1, 3, 4, 0, 0, 1, 0, 0, 0, 2, 0, 0, 1, 0, 3, 0, 1], 'avg_Hue': 49.800065231572084, 'avg_Saturation': 77.25935828877006, 'avg_Value': 46.143815635939326}
kmeans\10\Eggplant (12).jpg: {'Bow': [0, 0, 2, 0, 4, 2, 0, 1, 0, 0, 2, 1, 4, 2, 2, 2, 5, 1, 2, 0, 1, 0, 1, 0, 0, 0, 0, 0, 0, 2], 'avg_Hue': 46.02520601066408, 'avg_Saturation': 64.90859319209711, 'avg_Value': 52.151600093436116}
kmeans\10\Eggplant (13).jpg: {'Bow': [0, 0, 0, 1, 4, 0, 0, 0, 0, 1, 0, 0, 0, 2, 1, 1, 0, 1, 0, 1, 2, 0, 0, 0, 0, 0, 2, 0, 0, 0], 'avg_Hue': 45.89248043552229, 'avg_Saturation': 85.81665014866203, 'avg_Value': 60.95327410332346}
kmeans\10\Eggplant (14).jpg: {'Bow': [0, 0, 1, 0, 0, 0, 0, 1, 1, 1, 0, 1, 0, 1, 1, 0, 0, 0, 0, 0, 1, 0, 0, 0, 0, 1, 0, 0, 0, 2], 'avg_Hue': 65.74974111149464, 'avg_Saturation': 74.9093349239487, 'avg_Value': 46.063836104513065}
kmeans\10\Eggplant (15).jpg: {'Bow': [0, 0, 4, 0, 0, 0, 0, 1, 0, 1, 0, 0, 0, 0, 0, 1, 0, 0, 0, 0, 0, 1, 0, 0, 0, 0, 0, 0, 0, 0], 'avg_Hue': 66.4764165875277, 'avg_Saturation': 65.0512082853855, 'avg_Value': 44.71055586749017}
