kmeans\6\Orange (01).jpg: {'Bow': [1, 5, 0, 0, 1, 1, 0, 0, 3, 1, 0, 0, 0, 0, 2, 0, 0, 1, 0, 1, 5, 0, 1, 0, 0, 0, 5, 3, 0, 0], 'avg_Hue': 15.395061728395062, 'avg_Saturation': 210.56249188838416, 'avg_Value': 144.62853437094682}
kmeans\6\Orange (02).jpg: {'Bow': [2, 4, 0, 0, 1, 2, 1, 0, 5, 1, 1, 0, 0, 0, 4, 0, 0, 0, 0, 2, 2, 0, 0, 0, 0, 0, 8, 4, 0, 0], 'avg_Hue': 12.774062948935615, 'avg_Saturation': 229.43140582169428, 'avg_Value': 157.258872651357}
kmeans\6\Orange (03).jpg: {'Bow': [0, 3, 0, 0, 0, 2, 1, 0, 2, 0, 0, 0, 0, 1, 6, 0, 0, 0, 0, 2, 3, 0, 0, 0, 0, 0, 4, 4, 0, 0], 'avg_Hue': 13.43950521839969, 'avg_Saturation': 229.79163449163448, 'avg_Value': 158.68504949222265}
kmeans\6\Orange (04).jpg: {'Bow': [2, 6, 0, 0, 0, 3, 1, 0, 2, 1, 0, 0, 0, 1, 1, 0, 0, 0, 0, 2, 3, 0, 0, 2, 0, 0, 4, 2, 0, 0], 'avg_Hue': 13.410057288351368, 'avg_Saturation': 229.07660007634558, 'avg_Value': 158.31862121597558}
kmeans\6\Orange (05).jpg: {'Bow': [1, 1, 0, 0, 1, 0, 0, 0, 3, 0, 1, 0, 0, 0, 6, 0, 0, 0, 0, 2, 3, 0, 0, 0, 0, 0, 6, 3, 0, 0], 'avg_Hue': 13.102516556291391, 'avg_Saturation': 228.26790205162143, 'avg_Value': 158.60201111405132}
kmeans\6\Orange (06).jpg: {'Bow': [0, 9, 0, 0, 0, 3, 0, 0, 3, 0, 0, 0, 0, 1, 9, 0, 0, 0, 0, 4, 0, 0, 0, 0, 0, 0, 1, 1, 0, 0], 'avg_Hue': 13.053275554422635, 'avg_Saturation': 229.58777848504138, 'avg_Value': 158.672817510817}
kmeans\6\Orange (07).jpg: {'Bow': [3, 4, 0, 0, 1, 2, 0, 0, 1, 1, 1, 0, 0, 0, 4, 0, 0, 0, 0, 1, 1, 1, 0, 0, 0, 0, 6, 4, 0, 0], 'avg_Hue': 12.768147484316989, 'avg_Saturation': 230.82960214916207, 'avg_Value': 156.53044256843182}
kmeans\6\Orange (08).jpg: {'Bow': [2, 2, 0, 0, 1, 1, 1, 0, 1, 0, 1, 0, 0, 0, 4, 0, 0, 0, 0, 1, 2, 0, 0, 2, 0, 0, 3, 4, 0, 0], 'avg_Hue': 12.943526699961582, 'avg_Saturation': 230.11898669396112, 'avg_Value': 157.01586083397288}
kmeans\6\Orange (09).jpg: {'Bow': [1, 5, 0, 0, 0, 2, 0, 0, 3, 0, 1, 0, 0, 0, 5, 0, 0, 0, 0, 0, 2, 0, 0, 0, 1, 1, 2, 1, 2, 0], 'avg_Hue': 12.735949098621422, 'avg_Saturation': 227.5307366189719, 'avg_Value': 152.47450668785592}
kmeans\6\Orange (10).jpg: {'Bow': [1, 3, 0, 0, 0, 0, 0, 0, 1, 0, 0, 0, 0, 0, 4, 0, 0, 0, 1, 3, 3, 0, 0, 0, 0, 1, 4, 4, 0, 0], 'avg_Hue': 14.428256357031655, 'avg_Saturation': 217.73764553686934, 'avg_Value': 147.35522233712513}
kmeans\6\Orange (11).jpg: {'Bow': [4, 2, 0, 0, 0, 0, 0, 0, 3, 0, 0, 0, 0, 1, 2, 0, 0, 0, 0, 2, 1, 0, 0, 0, 0, 0, 6, 1, 0, 0], 'avg_Hue': 14.552594309257113, 'avg_Saturation': 215.40449871465296, 'avg_Value': 146.13014489037056}
kmeans\6\Orange (12).jpg: {'Bow': [1, 1, 1, 1, 0, 2, 0, 0, 1, 0, 1, 1, 0, 1, 4, 0, 1, 0, 0, 2, 3, 1, 0, 0, 0, 0, 5, 2, 0, 0], 'avg_Hue': 14.795773740497358, 'avg_Saturation': 213.68725073974014, 'avg_Value': 142.56592630632943}
kmeans\6\Orange (13).jpg: {'Bow': [0, 2, 0, 1, 0, 3, 0, 0, 1, 1, 1, 1, 0, 1, 2, 0, 1, 0, 0, 1, 1, 0, 0, 0, 0, 0, 5, 1, 0, 1], 'avg_Hue': 14.781834372217276, 'avg_Saturation': 212.73143438453712, 'avg_Value': 141.38092822723814}
kmeans\6\Orange (14).jpg: {'Bow': [1, 4, 0, 0, 1, 2, 1, 1, 2, 2, 0, 1, 3, 0, 4, 1, 0, 0, 0, 2, 1, 1, 0, 0, 0, 0, 3, 2, 1, 0], 'avg_Hue': 16.063669935056666, 'avg_Saturation': 210.1830896376351, 'avg_Value': 144.0743466125349}
kmeans\6\Orange (15).jpg: {'Bow': [0, 2, 1, 0, 0, 1, 1, 2, 5, 0, 0, 1, 1, 1, 2, 3, 0, 0, 1, 2, 2, 0, 0, 1, 0, 0, 3, 0, 0, 1], 'avg_Hue': 16.324923547400612, 'avg_Saturation': 204.34168999745484, 'avg_Value': 144.97345020325204}
