kmeans1\9\2\Kiwi (14).jpg: {'Bow': [2, 1, 0, 2, 1, 2, 1, 4, 1, 14, 7, 0, 5, 2, 1, 0, 0, 0, 0, 1, 2, 0, 2, 0, 1, 0, 1, 3, 0, 1], 'avg_Hue': 18.9701, 'avg_Saturation': 88.1574, 'avg_Value': 164.0588}
kmeans1\9\2\Potato (02).jpg: {'Bow': [0, 1, 0, 2, 3, 1, 1, 2, 0, 2, 4, 0, 0, 1, 2, 0, 4, 1, 2, 2, 1, 1, 1, 3, 3, 1, 0, 0, 1, 0], 'avg_Hue': 16.8151, 'avg_Saturation': 60.3479, 'avg_Value': 189.3581}
kmeans1\9\2\Potato (04).jpg: {'Bow': [0, 1, 3, 1, 1, 0, 1, 5, 1, 1, 1, 0, 1, 0, 1, 1, 1, 0, 0, 1, 0, 0, 1, 1, 0, 0, 1, 1, 0, 0], 'avg_Hue': 19.1559, 'avg_Saturation': 64.8264, 'avg_Value': 183.7627}
kmeans1\9\2\Potato (05).jpg: {'Bow': [0, 1, 0, 1, 0, 0, 0, 2, 1, 2, 2, 1, 0, 0, 2, 1, 1, 1, 1, 1, 0, 0, 0, 0, 0, 0, 0, 1, 1, 0], 'avg_Hue': 16.7422, 'avg_Saturation': 58.6906, 'avg_Value': 191.8709}
kmeans1\9\2\Potato (06).jpg: {'Bow': [1, 1, 0, 0, 0, 0, 1, 3, 0, 0, 3, 2, 0, 0, 2, 1, 0, 1, 0, 2, 0, 0, 0, 0, 2, 0, 0, 1, 1, 0], 'avg_Hue': 16.4042, 'avg_Saturation': 58.111, 'avg_Value': 192.1046}
kmeans1\9\2\Potato (07).jpg: {'Bow': [0, 0, 0, 1, 0, 0, 0, 3, 3, 1, 3, 0, 0, 0, 0, 1, 1, 0, 0, 0, 0, 0, 0, 0, 1, 0, 1, 0, 0, 0], 'avg_Hue': 23.4761, 'avg_Saturation': 67.5277, 'avg_Value': 176.6568}
kmeans1\9\2\Potato (08).jpg: {'Bow': [0, 0, 0, 2, 1, 1, 0, 3, 1, 2, 4, 0, 0, 0, 0, 0, 0, 0, 0, 0, 0, 0, 1, 2, 1, 2, 0, 0, 0, 0], 'avg_Hue': 22.7341, 'avg_Saturation': 77.0493, 'avg_Value': 166.6682}
kmeans1\9\2\Potato (09).jpg: {'Bow': [0, 0, 0, 1, 1, 2, 0, 3, 1, 1, 8, 0, 0, 0, 1, 0, 1, 0, 0, 0, 0, 0, 1, 0, 0, 0, 1, 0, 0, 3], 'avg_Hue': 22.7823, 'avg_Saturation': 82.0114, 'avg_Value': 155.4105}
kmeans1\9\2\Potato (10).jpg: {'Bow': [0, 0, 0, 1, 0, 2, 0, 2, 0, 0, 7, 0, 0, 1, 0, 0, 2, 0, 1, 1, 1, 0, 0, 1, 2, 0, 0, 0, 0, 1], 'avg_Hue': 24.1939, 'avg_Saturation': 73.4734, 'avg_Value': 162.6915}
kmeans1\9\2\Potato (11).jpg: {'Bow': [0, 0, 0, 0, 0, 0, 0, 3, 1, 0, 5, 0, 0, 0, 2, 0, 1, 0, 1, 0, 0, 0, 1, 0, 3, 0, 1, 1, 0, 2], 'avg_Hue': 16.7653, 'avg_Saturation': 63.2917, 'avg_Value': 190.9833}
kmeans1\9\2\Potato (14).jpg: {'Bow': [1, 2, 0, 0, 0, 1, 3, 5, 0, 2, 6, 0, 1, 0, 4, 0, 3, 0, 0, 0, 0, 1, 0, 3, 1, 0, 0, 0, 2, 1], 'avg_Hue': 24.2447, 'avg_Saturation': 84.591, 'avg_Value': 168.7681}
