1.742647067570407060e+01 8.810669092702653415e+01 9.541247040088499887e+01
1.287823782661150176e+02 1.281599932594566269e+02 5.774898512932094263e+01
2.320048746751227142e+01 1.492978592230395236e+02 1.533237760205438747e+02
6.278270711831113715e+01 1.911985868903614687e+02 4.304957595949581162e+01
1.126376288353299060e+02 2.890951497722052466e+01 8.259869890992806063e+01
3.734185280112163241e+01 1.448381410017714188e+02 5.139075597317449962e+01
1.403794365594375648e+01 2.212855164858470687e+02 1.512444490014987366e+02
4.972737540515306165e+01 8.529792747249030072e+01 1.068004005932983347e+02
2.050001067148843248e+01 1.317797730668328882e+02 1.294201886286217587e+02
2.198729108272005917e+01 1.820489364442335329e+02 1.720565624850231075e+02
5.511587785355445135e+01 7.093942950369836353e+01 5.147758218827286925e+01
