kmeans\7\1\Mango (05).jpg: {'Bow': [0, 1, 0, 0, 7, 0, 1, 0, 0, 0, 1, 1, 0, 0, 1, 1, 1, 0, 1, 0, 0, 0, 0, 0, 0, 0, 0, 0, 0, 4], 'avg_Hue': 53.41359410067329, 'avg_Saturation': 80.27893555626804, 'avg_Value': 101.40035245113745}
kmeans\7\1\Mango (08).jpg: {'Bow': [0, 0, 0, 0, 11, 0, 1, 0, 0, 0, 0, 0, 0, 0, 1, 0, 1, 0, 0, 0, 0, 0, 0, 0, 0, 0, 0, 0, 0, 5], 'avg_Hue': 56.18114543114543, 'avg_Saturation': 75.86663449163449, 'avg_Value': 98.03247588424438}
kmeans\7\1\Mango (10).jpg: {'Bow': [0, 0, 0, 0, 12, 1, 2, 0, 0, 0, 0, 0, 0, 0, 0, 0, 0, 0, 3, 0, 0, 0, 1, 1, 0, 0, 3, 0, 0, 11], 'avg_Hue': 53.9105949197861, 'avg_Saturation': 76.58957219251337, 'avg_Value': 101.87792251169004}
kmeans\7\1\Watermelon (01).jpg: {'Bow': [4, 4, 3, 4, 4, 4, 11, 6, 1, 4, 3, 7, 2, 6, 4, 5, 4, 4, 5, 0, 4, 2, 2, 8, 5, 1, 3, 5, 10, 16], 'avg_Hue': 39.824780976220275, 'avg_Saturation': 84.08468919482686, 'avg_Value': 126.33713332406506}
kmeans\7\1\Watermelon (02).jpg: {'Bow': [3, 2, 0, 4, 3, 5, 6, 3, 1, 0, 8, 9, 3, 0, 4, 1, 1, 1, 3, 3, 8, 2, 1, 5, 2, 5, 4, 1, 0, 20], 'avg_Hue': 36.8999161308359, 'avg_Saturation': 87.29547359597653, 'avg_Value': 130.95892707460183}
kmeans\7\1\Watermelon (03).jpg: {'Bow': [1, 6, 1, 4, 2, 5, 9, 1, 3, 6, 7, 4, 2, 2, 6, 3, 6, 7, 4, 3, 3, 5, 5, 10, 3, 4, 3, 7, 3, 20], 'avg_Hue': 41.37067059690494, 'avg_Saturation': 93.29085015470753, 'avg_Value': 126.1642362645456}
kmeans\7\1\Watermelon (04).jpg: {'Bow': [5, 2, 2, 0, 0, 1, 4, 7, 7, 3, 1, 2, 3, 8, 4, 3, 5, 5, 4, 3, 1, 8, 5, 3, 7, 4, 4, 6, 7, 14], 'avg_Hue': 46.94972660996355, 'avg_Saturation': 93.56965098634295, 'avg_Value': 106.13321195569716}
kmeans\7\1\Watermelon (05).jpg: {'Bow': [2, 6, 3, 4, 8, 4, 4, 7, 6, 2, 2, 1, 2, 7, 3, 6, 0, 5, 3, 4, 1, 9, 4, 3, 8, 3, 1, 4, 5, 16], 'avg_Hue': 48.91446657403119, 'avg_Saturation': 91.48294489890415, 'avg_Value': 109.77673198580466}
kmeans\7\1\Watermelon (06).jpg: {'Bow': [3, 6, 3, 2, 5, 2, 4, 7, 9, 5, 4, 0, 5, 4, 4, 6, 8, 6, 7, 6, 2, 4, 6, 1, 6, 3, 3, 7, 11, 15], 'avg_Hue': 51.237354085603116, 'avg_Saturation': 90.28114961961116, 'avg_Value': 115.07837837837837}
kmeans\7\1\Watermelon (07).jpg: {'Bow': [6, 4, 3, 7, 1, 5, 10, 3, 8, 4, 5, 6, 9, 12, 7, 10, 4, 3, 4, 4, 3, 7, 9, 5, 4, 4, 6, 5, 0, 17], 'avg_Hue': 52.3155267099351, 'avg_Saturation': 87.22449658845066, 'avg_Value': 114.84093178036606}
kmeans\7\1\Watermelon (08).jpg: {'Bow': [3, 6, 3, 8, 5, 5, 8, 5, 9, 4, 5, 5, 6, 4, 8, 5, 6, 4, 6, 5, 6, 3, 6, 4, 2, 7, 2, 6, 6, 12], 'avg_Hue': 54.536955457660305, 'avg_Saturation': 87.53115823817292, 'avg_Value': 115.65301794453508}
kmeans\7\1\Watermelon (09).jpg: {'Bow': [5, 2, 2, 8, 2, 1, 4, 7, 13, 13, 7, 6, 5, 5, 7, 7, 3, 6, 13, 3, 4, 3, 6, 4, 3, 6, 7, 6, 6, 11], 'avg_Hue': 52.62361847085541, 'avg_Saturation': 95.25280048440811, 'avg_Value': 109.81229185588859}
kmeans\7\1\Watermelon (10).jpg: {'Bow': [8, 6, 4, 9, 4, 6, 5, 8, 3, 3, 6, 0, 7, 11, 3, 10, 4, 4, 10, 4, 5, 6, 9, 6, 7, 1, 2, 5, 3, 16], 'avg_Hue': 54.6192048012003, 'avg_Saturation': 93.5966991747937, 'avg_Value': 110.15586558655866}
kmeans\7\1\Watermelon (11).jpg: {'Bow': [6, 3, 1, 1, 5, 3, 6, 6, 5, 11, 2, 0, 6, 4, 6, 3, 6, 3, 7, 6, 6, 4, 9, 9, 7, 1, 6, 5, 9, 15], 'avg_Hue': 50.62658123870544, 'avg_Saturation': 93.2413339904715, 'avg_Value': 111.30884041331802}
kmeans\7\1\Watermelon (15).jpg: {'Bow': [6, 7, 2, 3, 10, 3, 4, 5, 7, 8, 4, 0, 6, 9, 1, 6, 2, 2, 4, 8, 3, 4, 5, 4, 11, 4, 3, 8, 8, 14], 'avg_Hue': 49.34054054054054, 'avg_Saturation': 101.90118508191007, 'avg_Value': 106.72752613240418}
